Time,age_start,age_end,measure,draw_0,draw_1,draw_2,draw_3,draw_4,draw_5,draw_6,draw_7,draw_8,draw_9,draw_10,draw_11,draw_12,draw_13,draw_14,draw_15,draw_16,draw_17,draw_18,draw_19,draw_20,draw_21,draw_22,draw_23,draw_24,draw_25,draw_26,draw_27,draw_28,draw_29,draw_30,draw_31,draw_32,draw_33,draw_34,draw_35,draw_36,draw_37,draw_38,draw_39,draw_40,draw_41,draw_42,draw_43,draw_44,draw_45,draw_46,draw_47,draw_48,draw_49,draw_50,draw_51,draw_52,draw_53,draw_54,draw_55,draw_56,draw_57,draw_58,draw_59,draw_60,draw_61,draw_62,draw_63,draw_64,draw_65,draw_66,draw_67,draw_68,draw_69,draw_70,draw_71,draw_72,draw_73,draw_74,draw_75,draw_76,draw_77,draw_78,draw_79,draw_80,draw_81,draw_82,draw_83,draw_84,draw_85,draw_86,draw_87,draw_88,draw_89,draw_90,draw_91,draw_92,draw_93,draw_94,draw_95,draw_96,draw_97,draw_98,draw_99,draw_100,draw_101,draw_102,draw_103,draw_104,draw_105,draw_106,draw_107,draw_108,draw_109,draw_110,draw_111,draw_112,draw_113,draw_114,draw_115,draw_116,draw_117,draw_118,draw_119,draw_120,draw_121,draw_122,draw_123,draw_124,draw_125,draw_126,draw_127,draw_128,draw_129,draw_130,draw_131,draw_132,draw_133,draw_134,draw_135,draw_136,draw_137,draw_138,draw_139,draw_140,draw_141,draw_142,draw_143,draw_144,draw_145,draw_146,draw_147,draw_148,draw_149,draw_150,draw_151,draw_152,draw_153,draw_154,draw_155,draw_156,draw_157,draw_158,draw_159,draw_160,draw_161,draw_162,draw_163,draw_164,draw_165,draw_166,draw_167,draw_168,draw_169,draw_170,draw_171,draw_172,draw_173,draw_174,draw_175,draw_176,draw_177,draw_178,draw_179,draw_180,draw_181,draw_182,draw_183,draw_184,draw_185,draw_186,draw_187,draw_188,draw_189,draw_190,draw_191,draw_192,draw_193,draw_194,draw_195,draw_196,draw_197,draw_198,draw_199
1996,1,9,prevalence,0.15458937198067632,0.41389728096676737,0.5066469719350074,0.2086677367576244,0.45588235294117646,0.3333333333333333,0.2785923753665689,0.34627329192546585,0.24659606656580937,0.4240231548480463,0.43986820428336076,0.3302034428794992,0.5,0.43089430894308944,0.24499229583975346,0.3520900321543408,0.3291139240506329,0.33554817275747506,0.49019607843137253,0.3930635838150289,0.38845553822152884,0.4949053857350801,0.3300653594771242,0.3780687397708674,0.3584905660377358,0.23471074380165288,0.40476190476190477,0.19523809523809524,0.49059561128526646,0.2845528455284553,0.4154818325434439,0.42812006319115326,0.3799682034976153,0.31197301854974707,0.3699851411589896,0.27886056971514245,0.37936267071320184,0.34222919937205654,0.2857142857142857,0.26625386996904027,0.3655737704918033,0.41770186335403725,0.3615733736762481,0.3402555910543131,0.41033925686591277,0.4875,0.500768049155146,0.5552,0.33072100313479624,0.3164763458401305,0.2704791344667697,0.2208398133748056,0.3975346687211094,0.5214521452145214,0.30658105939004815,0.5093457943925234,0.4496124031007752,0.34894991922455576,0.45304777594728174,0.2297734627831715,0.2791461412151067,0.3759512937595129,0.38080495356037153,0.35139318885448917,0.5085536547433903,0.5015974440894568,0.4496753246753247,0.3561430793157076,0.4608433734939759,0.36596385542168675,0.3472,0.37248840803709427,0.3343701399688958,0.37329286798179057,0.517557251908397,0.337442218798151,0.4095394736842105,0.36881559220389803,0.423841059602649,0.3430321592649311,0.37285491419656785,0.4229607250755287,0.3619047619047619,0.3862928348909657,0.4717557251908397,0.34627329192546585,0.3794788273615635,0.3282208588957055,0.3249630723781389,0.37383177570093457,0.5353697749196141,0.39672131147540984,0.30618401206636503,0.31493506493506496,0.39807383627608345,0.45695364238410596,0.40096618357487923,0.3281733746130031,0.36451612903225805,0.18451400329489293,0.5087440381558028,0.2714508580343214,0.39652448657187994,0.4080717488789238,0.4012251148545176,0.4541139240506329,0.3547351524879615,0.38646616541353385,0.26584234930448225,0.3936651583710407,0.41883116883116883,0.32547169811320753,0.4115755627009646,0.4101796407185629,0.4343598055105348,0.41823899371069184,0.3157894736842105,0.3790446841294299,0.4035656401944895,0.4478114478114478,0.3884430176565008,0.3643410852713178,0.35266457680250785,0.3312883435582822,0.3328173374613003,0.33228346456692914,0.3387096774193548,0.4492063492063492,0.2628398791540785,0.3712574850299401,0.4039334341906203,0.32,0.2850609756097561,0.36363636363636365,0.31893687707641194,0.3719412724306688,0.3216,0.31211180124223603,0.5056360708534622,0.5578125,0.346875,0.3366013071895425,0.4937694704049844,0.38087520259319285,0.40186915887850466,0.334913112164297,0.366412213740458,0.382262996941896,0.37110016420361247,0.45714285714285713,0.4720496894409938,0.42996742671009774,0.45320197044334976,0.4259541984732824,0.44745222929936307,0.33226837060702874,0.3282442748091603,0.3293768545994065,0.409375,0.4331723027375201,0.4967213114754098,0.39280125195618154,0.39069767441860465,0.36661211129296234,0.33814102564102566,0.4704,0.4492512479201331,0.3944353518821604,0.40558292282430214,0.43243243243243246,0.4298780487804878,0.30895522388059704,0.34609250398724084,0.2875816993464052,0.5629251700680272,0.4025974025974026,0.36363636363636365,0.3677621283255086,0.45975232198142413,0.44861337683523655,0.37006578947368424,0.33713355048859933,0.42071197411003236,0.29233226837060705,0.4288052373158756,0.3429878048780488,0.319047619047619,0.43256578947368424,0.4128289473684211,0.3895705521472393,0.21202003338898165,0.34662576687116564,0.35121951219512193,0.2770897832817337,0.27342549923195086,0.440809968847352,0.48623853211009177,0.3167701863354037,0.4544,0.3453355155482815
1997,1,9,prevalence,0.21016949152542372,0.3397129186602871,0.5303951367781155,0.20593080724876442,0.3765432098765432,0.3485342019543974,0.19906687402799378,0.3076923076923077,0.2626728110599078,0.49700598802395207,0.35111876075731496,0.3344155844155844,0.4478114478114478,0.39092495636998253,0.36084142394822005,0.38166666666666665,0.32608695652173914,0.27424749163879597,0.4432,0.4027355623100304,0.3018575851393189,0.45454545454545453,0.29572649572649573,0.37755102040816324,0.32059800664451826,0.2549019607843137,0.3889789303079417,0.2592,0.45410628019323673,0.3125,0.3967741935483871,0.3983333333333333,0.43543046357615894,0.3435897435897436,0.442572741194487,0.22727272727272727,0.3542319749216301,0.37936507936507935,0.23452768729641693,0.33171521035598706,0.4,0.4180064308681672,0.358695652173913,0.29516129032258065,0.42810457516339867,0.4788273615635179,0.4991735537190083,0.5551839464882943,0.358974358974359,0.3915966386554622,0.3139717425431711,0.30317460317460315,0.40729001584786056,0.45364238410596025,0.385502471169687,0.4896988906497623,0.48012718600953896,0.3239669421487603,0.47758620689655173,0.311336717428088,0.24664429530201343,0.384375,0.4410339256865913,0.3865814696485623,0.5082508250825083,0.48946515397082657,0.45714285714285713,0.31735537190082647,0.4,0.41835147744945567,0.343801652892562,0.38498402555910544,0.3563579277864992,0.3946540880503145,0.4469820554649266,0.2884012539184953,0.4504201680672269,0.40584415584415584,0.4051863857374392,0.4397496087636933,0.3925233644859813,0.37183544303797467,0.33276740237691,0.3136593591905565,0.41300813008130083,0.33983739837398375,0.40594059405940597,0.33814102564102566,0.25229357798165136,0.40589198036006546,0.5125208681135225,0.41708542713567837,0.38837920489296635,0.3722871452420701,0.505922165820643,0.45302013422818793,0.35084745762711866,0.35139573070607555,0.4319327731092437,0.24668874172185432,0.4642857142857143,0.2286634460547504,0.3220064724919094,0.45714285714285713,0.4126984126984127,0.41341653666146644,0.27348993288590606,0.34455128205128205,0.34330708661417325,0.4019138755980861,0.44554455445544555,0.32682926829268294,0.42244224422442245,0.4169139465875371,0.490787269681742,0.3163097199341021,0.3875598086124402,0.5072463768115942,0.41680395387149916,0.4072790294627383,0.5542372881355933,0.3808,0.3369734789391576,0.4111111111111111,0.4536741214057508,0.2901639344262295,0.4019933554817276,0.423785594639866,0.3584,0.39156626506024095,0.3768352365415987,0.31810490693739424,0.2812006319115324,0.46481178396072015,0.4406779661016949,0.40789473684210525,0.3051948051948052,0.373015873015873,0.4542483660130719,0.5063694267515924,0.3413848631239936,0.35413153456998314,0.4991735537190083,0.42225859247135844,0.3560126582278481,0.2642740619902121,0.38258164852255055,0.3130148270181219,0.3423728813559322,0.44251968503937006,0.4467741935483871,0.48717948717948717,0.43485617597292725,0.41603630862329805,0.39464882943143814,0.3269230769230769,0.3490566037735849,0.34913112164297,0.44145569620253167,0.46166134185303515,0.5462046204620462,0.35537190082644626,0.383739837398374,0.3488372093023256,0.44155844155844154,0.4812398042414356,0.37037037037037035,0.46495726495726497,0.47833333333333333,0.4405940594059406,0.42569659442724456,0.3256880733944954,0.3682539682539683,0.2972972972972973,0.5033670033670034,0.47768595041322315,0.3841166936790924,0.32608695652173914,0.4551282051282051,0.47048903878583476,0.37542087542087543,0.3220338983050847,0.4288107202680067,0.3711507293354943,0.4115755627009646,0.4562798092209857,0.32305194805194803,0.41225165562913907,0.4116666666666667,0.3652037617554859,0.259391771019678,0.33713355048859933,0.3722871452420701,0.2731629392971246,0.3094867807153966,0.47384615384615386,0.456,0.3786407766990291,0.4368,0.3841059602649007
1998,1,9,prevalence,0.21196581196581196,0.40226171243941844,0.4976958525345622,0.22487223168654175,0.4158878504672897,0.31719532554257096,0.26356589147286824,0.36721311475409835,0.2893081761006289,0.456973293768546,0.3399014778325123,0.27564102564102566,0.5168350168350169,0.33613445378151263,0.29519071310116085,0.3762214983713355,0.35714285714285715,0.33843537414965985,0.4679186228482003,0.39586410635155095,0.33488372093023255,0.4759124087591241,0.3689655172413793,0.41830065359477125,0.28104575163398693,0.33495934959349594,0.39579967689822293,0.29193548387096774,0.45645161290322583,0.3087248322147651,0.4097560975609756,0.39095315024232635,0.36807817589576547,0.39273356401384085,0.4537177541729894,0.16036308623298035,0.29093799682034976,0.3712480252764613,0.328525641025641,0.36661211129296234,0.34846029173419774,0.4276629570747218,0.34177215189873417,0.32300163132137033,0.4664484451718494,0.47619047619047616,0.4841930116472546,0.5728476821192053,0.2909967845659164,0.4511400651465798,0.2928,0.3713405238828968,0.29516129032258065,0.46779661016949153,0.46324786324786327,0.4325581395348837,0.5238095238095238,0.3752012882447665,0.4783362218370884,0.38372093023255816,0.3070739549839228,0.36363636363636365,0.40793650793650793,0.3166397415185784,0.5405405405405406,0.483974358974359,0.43448275862068964,0.3442088091353997,0.36757624398073835,0.38580246913580246,0.3132137030995106,0.3548387096774194,0.29738058551617874,0.36450079239302696,0.41050903119868637,0.379746835443038,0.3860232945091514,0.34210526315789475,0.3717948717948718,0.4117647058823529,0.3978819969742814,0.3035143769968051,0.30303030303030304,0.4013377926421405,0.41235392320534225,0.27741935483870966,0.33889816360601,0.3980263157894737,0.26584234930448225,0.3066884176182708,0.5205930807248764,0.3655737704918033,0.33641975308641975,0.41442953020134227,0.4858569051580699,0.42857142857142855,0.34290540540540543,0.4218009478672986,0.2602040816326531,0.439469320066335,0.4661290322580645,0.27980922098569155,0.33881578947368424,0.3198707592891761,0.39486356340288925,0.3413848631239936,0.3425324675324675,0.3954983922829582,0.4016260162601626,0.38412698412698415,0.4073455759599332,0.2722602739726027,0.4246353322528363,0.34977578475336324,0.4235294117647059,0.4029363784665579,0.3715670436187399,0.4211382113821138,0.38980263157894735,0.4873524451939292,0.5115131578947368,0.4044943820224719,0.36098310291858676,0.37037037037037035,0.3863275039745628,0.3226837060702875,0.40879478827361565,0.39228295819935693,0.4050235478806907,0.44613050075872535,0.3549920760697306,0.4072164948453608,0.31587301587301586,0.4378029079159935,0.3125,0.4362745098039216,0.27107438016528923,0.31942215088282505,0.5008375209380235,0.5330188679245284,0.3555194805194805,0.38030560271646857,0.4868421052631579,0.43354430379746833,0.3438485804416404,0.2574750830564784,0.3874425727411945,0.27104377104377103,0.38387096774193546,0.3944954128440367,0.4917763157894737,0.5127768313458262,0.4134453781512605,0.40746500777604977,0.3769968051118211,0.37282780410742494,0.33713355048859933,0.3092948717948718,0.4926590538336052,0.4730831973898858,0.4675118858954041,0.36824877250409166,0.3709677419354839,0.3554817275747508,0.4331723027375201,0.46835443037974683,0.36930860033726814,0.431740614334471,0.38587848932676516,0.4396694214876033,0.45384615384615384,0.33170731707317075,0.32222222222222224,0.22377622377622378,0.5127334465195246,0.4440619621342513,0.3924466338259442,0.33444259567387685,0.415748031496063,0.4302721088435374,0.4543918918918919,0.3165829145728643,0.37438423645320196,0.33225806451612905,0.275974025974026,0.3706070287539936,0.3096774193548387,0.3663865546218487,0.3949579831932773,0.2955271565495208,0.28125,0.3630573248407643,0.4415807560137457,0.21060842433697347,0.3126934984520124,0.4707692307692308,0.48105436573311366,0.416,0.44031007751937984,0.4016393442622951
1999,1,9,prevalence,0.26897689768976896,0.3901639344262295,0.5040518638573744,0.2572402044293015,0.41368078175895767,0.4075286415711948,0.28821656050955413,0.3294701986754967,0.2208,0.4011627906976744,0.3569078947368421,0.2106969205834684,0.4624183006535948,0.3270547945205479,0.3055555555555556,0.3611111111111111,0.3333333333333333,0.2935323383084577,0.49920760697305866,0.37727272727272726,0.24922118380062305,0.4349775784753363,0.3099099099099099,0.400974025974026,0.3399014778325123,0.3268608414239482,0.4320388349514563,0.2665589660743134,0.4219001610305958,0.2875816993464052,0.42716857610474634,0.4458804523424879,0.3842364532019704,0.31605351170568563,0.3549382716049383,0.16718266253869968,0.28858024691358025,0.30990415335463256,0.3629160063391442,0.4240400667779633,0.2909967845659164,0.46063651591289784,0.3765432098765432,0.4051863857374392,0.5167785234899329,0.4423728813559322,0.5588723051409619,0.5375816993464052,0.27229299363057324,0.286634460547504,0.3072,0.40688575899843504,0.39365079365079364,0.5358361774744027,0.38215488215488214,0.4024767801857585,0.46314102564102566,0.368,0.465,0.3463497453310696,0.3213166144200627,0.4029363784665579,0.31751227495908346,0.30078740157480316,0.5305466237942122,0.4193011647254576,0.39896373056994816,0.357487922705314,0.35646687697160884,0.41130298273155413,0.32102728731942215,0.2939244663382594,0.3909657320872274,0.3188854489164087,0.4331723027375201,0.36741214057507987,0.3653198653198653,0.4063047285464098,0.41435562805872755,0.3997050147492625,0.3531202435312024,0.4662379421221865,0.2747068676716918,0.39152542372881355,0.4209621993127148,0.2479740680713128,0.38731218697829717,0.3563025210084034,0.3083067092651757,0.3498402555910543,0.5397350993377483,0.40098199672667756,0.3873456790123457,0.3993174061433447,0.43023255813953487,0.4078303425774878,0.39065108514190316,0.38621794871794873,0.3645655877342419,0.37766830870279144,0.4453507340946166,0.3487261146496815,0.34838709677419355,0.3651050080775444,0.3598673300165838,0.32802547770700635,0.387987012987013,0.4155844155844156,0.43471074380165287,0.40279937791601866,0.38741721854304634,0.3401015228426396,0.4410339256865913,0.3249607535321821,0.35570469798657717,0.4085173501577287,0.30153321976149916,0.3723577235772358,0.4225589225589226,0.4440789473684211,0.45737704918032784,0.3824451410658307,0.3440514469453376,0.3250825082508251,0.40476190476190477,0.3360258481421648,0.39144736842105265,0.41262135922330095,0.26101141924959215,0.362406015037594,0.4281150159744409,0.36177474402730375,0.325,0.4614121510673235,0.323943661971831,0.35130718954248363,0.24834437086092714,0.2528180354267311,0.5242070116861436,0.5414710485133021,0.3640776699029126,0.39827586206896554,0.456198347107438,0.3826771653543307,0.3322884012539185,0.23666666666666666,0.40282131661442006,0.24579124579124578,0.35148514851485146,0.3665158371040724,0.4866666666666667,0.473421926910299,0.46357615894039733,0.37422360248447206,0.3791469194312796,0.27892234548335976,0.4028662420382166,0.3327922077922078,0.4741235392320534,0.46029173419773095,0.4560260586319218,0.33114754098360655,0.38023450586264657,0.31825795644891125,0.391025641025641,0.4768211920529801,0.41033925686591277,0.44482173174872663,0.3996789727126806,0.4278523489932886,0.4218512898330804,0.35294117647058826,0.30337078651685395,0.27627118644067794,0.5540540540540541,0.4324786324786325,0.33495145631067963,0.3547351524879615,0.36910569105691055,0.47884940778341795,0.441025641025641,0.3416252072968491,0.3163097199341021,0.37738853503184716,0.3010033444816054,0.41127694859038144,0.32222222222222224,0.38974358974358975,0.41935483870967744,0.291866028708134,0.2785016286644951,0.34615384615384615,0.4438860971524288,0.21739130434782608,0.23861852433281006,0.44359756097560976,0.515650741350906,0.37355371900826445,0.43890675241157556,0.32636655948553056
2000,1,9,prevalence,0.27378964941569284,0.4263959390862944,0.4794745484400657,0.3238255033557047,0.3990066225165563,0.3557692307692308,0.3062200956937799,0.3688394276629571,0.15789473684210525,0.42813455657492355,0.343801652892562,0.21794871794871795,0.5173553719008265,0.40630182421227196,0.24401913875598086,0.38564273789649417,0.36163522012578614,0.2591362126245847,0.42902711323763953,0.41318327974276525,0.30818619582664525,0.37349397590361444,0.3242258652094718,0.40188383045525905,0.4112,0.2912,0.42244224422442245,0.254071661237785,0.35864297253634897,0.32894736842105265,0.41774193548387095,0.38273615635179153,0.33277870216306155,0.35451505016722407,0.3799682034976153,0.18253968253968253,0.3113964686998395,0.28807947019867547,0.4153846153846154,0.37037037037037035,0.2483974358974359,0.4318555008210181,0.40822784810126583,0.29372937293729373,0.4958263772954925,0.4467005076142132,0.4914965986394558,0.5321543408360129,0.2515923566878981,0.27704918032786885,0.23233908948194662,0.3830769230769231,0.3438985736925515,0.5677083333333334,0.3036912751677852,0.43585780525502316,0.519872813990461,0.36757624398073835,0.49584026622296173,0.2835314091680815,0.41358024691358025,0.3660130718954248,0.32901134521880065,0.3803486529318542,0.5852090032154341,0.4492753623188406,0.3975694444444444,0.419773095623987,0.3782051282051282,0.401244167962675,0.367479674796748,0.23953098827470687,0.445859872611465,0.3441033925686591,0.41479099678456594,0.40131578947368424,0.4261744966442953,0.3204903677758319,0.36885245901639346,0.33031674208144796,0.33796296296296297,0.41680672268907565,0.28888888888888886,0.3605220228384992,0.46422628951747086,0.2779552715654952,0.44189852700491,0.337228714524207,0.3925686591276252,0.33226837060702874,0.5557299843014128,0.445364238410596,0.31347962382445144,0.3969849246231156,0.4235294117647059,0.44264943457189015,0.37073170731707317,0.32063492063492066,0.3950413223140496,0.38587848932676516,0.4551386623164764,0.2991869918699187,0.3459715639810427,0.43882544861337686,0.3813559322033898,0.4386792452830189,0.3737704918032787,0.4015748031496063,0.4110929853181077,0.3610223642172524,0.4842454394693201,0.3091216216216216,0.45425361155698235,0.31942215088282505,0.3770764119601329,0.4200626959247649,0.34615384615384615,0.42789223454833597,0.4591503267973856,0.46915584415584416,0.4255663430420712,0.3952,0.3591331269349845,0.33884297520661155,0.4609120521172638,0.32440944881889766,0.2866779089376054,0.4396825396825397,0.1864951768488746,0.3419847328244275,0.3728,0.37735849056603776,0.32033898305084746,0.41545893719806765,0.3303886925795053,0.3365539452495974,0.2772963604852686,0.26357827476038337,0.4933993399339934,0.5205696202531646,0.35436893203883496,0.3633217993079585,0.46849757673667203,0.34627831715210355,0.33713355048859933,0.27287853577371046,0.39263803680981596,0.2553542009884679,0.2137030995106036,0.41131498470948014,0.5138888888888888,0.48613376835236544,0.49836065573770494,0.3940809968847352,0.41809672386895474,0.28463855421686746,0.36503067484662577,0.2841091492776886,0.4383116883116883,0.4338709677419355,0.4238952536824877,0.30845771144278605,0.34782608695652173,0.32459016393442625,0.4608,0.5024793388429752,0.39215686274509803,0.41989881956155145,0.39935064935064934,0.48333333333333334,0.43644716692189894,0.3076923076923077,0.33914421553090335,0.2893835616438356,0.4924114671163575,0.4708904109589041,0.38752052545155996,0.36615384615384616,0.3700159489633174,0.4809027777777778,0.391304347826087,0.3333333333333333,0.31006493506493504,0.39872408293460926,0.2679738562091503,0.43926788685524126,0.28363047001620745,0.4054982817869416,0.4290657439446367,0.3375594294770206,0.23902439024390243,0.41245791245791247,0.3775167785234899,0.19516129032258064,0.2538940809968847,0.4525660964230171,0.4632952691680261,0.42504118616144976,0.3722397476340694,0.36792452830188677
2001,1,9,prevalence,0.29553264604810997,0.3676222596964587,0.5514950166112956,0.3566666666666667,0.42759795570698467,0.28665568369028005,0.33225806451612905,0.36817472698907955,0.20806451612903226,0.43465045592705165,0.3637846655791191,0.24232633279483037,0.4773109243697479,0.40594059405940597,0.3054263565891473,0.3254637436762226,0.31210191082802546,0.3878887070376432,0.41883116883116883,0.44305772230889234,0.3646322378716745,0.43010752688172044,0.39464285714285713,0.36858475894245724,0.3470031545741325,0.2266881028938907,0.38095238095238093,0.2736156351791531,0.4016,0.35073409461663946,0.37898089171974525,0.4256,0.3311036789297659,0.3616298811544992,0.4031496062992126,0.15396825396825398,0.3024390243902439,0.3016129032258065,0.38341158059467917,0.41098169717138106,0.4142857142857143,0.4395424836601307,0.38996763754045305,0.3415435139573071,0.4497528830313015,0.4371859296482412,0.47906197654941374,0.5523349436392915,0.2664576802507837,0.3918032786885246,0.24328593996840442,0.3073394495412844,0.4057507987220447,0.5300171526586621,0.2897350993377483,0.4147465437788018,0.553968253968254,0.3375594294770206,0.525,0.2263843648208469,0.32919254658385094,0.34545454545454546,0.33828382838283827,0.4260731319554849,0.532051282051282,0.4491114701130856,0.423728813559322,0.35855263157894735,0.4913657770800628,0.4035656401944895,0.3338735818476499,0.36470588235294116,0.40809968847352024,0.3446054750402576,0.4850863422291994,0.4288052373158756,0.39344262295081966,0.30864197530864196,0.33949579831932775,0.375,0.3913738019169329,0.3712374581939799,0.31542461005199307,0.2961165048543689,0.467005076142132,0.32554517133956384,0.45718901453957994,0.4448,0.2826797385620915,0.43769968051118213,0.5057471264367817,0.3793103448275862,0.3209677419354839,0.45695364238410596,0.4562607204116638,0.42237061769616024,0.3685897435897436,0.40445859872611467,0.4536256323777403,0.2819672131147541,0.482484076433121,0.2785829307568438,0.43980738362760835,0.43349753694581283,0.3847457627118644,0.37155963302752293,0.4304857621440536,0.4215530903328051,0.3886178861788618,0.4228295819935691,0.4010327022375215,0.32432432432432434,0.37037037037037035,0.4207920792079208,0.38593481989708406,0.3803486529318542,0.26,0.4,0.37271214642262895,0.41412520064205455,0.43066884176182707,0.3274760383386581,0.30269413629160064,0.36,0.44301765650080255,0.3072,0.3211314475873544,0.44532488114104596,0.12845528455284552,0.3951367781155015,0.3977812995245642,0.3869346733668342,0.2764505119453925,0.514003294892916,0.31069609507640067,0.3169129720853859,0.3143350604490501,0.34185303514376997,0.5254237288135594,0.5219435736677116,0.2988313856427379,0.3801369863013699,0.5024,0.43993506493506496,0.3671497584541063,0.24744027303754265,0.3405909797822706,0.31543624161073824,0.28888888888888886,0.33070866141732286,0.48961937716262977,0.46645367412140576,0.5289389067524116,0.4229559748427673,0.4398782343987823,0.2680722891566265,0.3312597200622084,0.30642504118616143,0.4020100502512563,0.4353518821603928,0.47587354409317806,0.36538461538461536,0.3321917808219178,0.3284313725490196,0.446875,0.479933110367893,0.32532051282051283,0.4657762938230384,0.4444444444444444,0.4698996655518395,0.4114977307110439,0.37353433835845895,0.3296875,0.4271356783919598,0.515,0.4746059544658494,0.35737704918032787,0.3693972179289026,0.454983922829582,0.4472361809045226,0.45439469320066334,0.3657331136738056,0.26865671641791045,0.3130148270181219,0.31484502446982054,0.47768595041322315,0.29833333333333334,0.38813559322033897,0.48034188034188036,0.3465648854961832,0.2218700475435816,0.44552845528455287,0.4389438943894389,0.2898550724637681,0.2542372881355932,0.36391912908242613,0.47068403908794787,0.46166666666666667,0.3678343949044586,0.3706070287539936
2002,1,9,prevalence,0.28350515463917525,0.36769759450171824,0.5337837837837838,0.2533557046979866,0.39676840215439857,0.3113207547169811,0.27724358974358976,0.36217948717948717,0.3170731707317073,0.42040185471406494,0.3269537480063796,0.3349206349206349,0.46293245469522243,0.25925925925925924,0.3313253012048193,0.3572621035058431,0.2929133858267717,0.4332784184514003,0.41423948220064727,0.3929121725731895,0.2990506329113924,0.4552590266875981,0.3570127504553734,0.3830769230769231,0.3333333333333333,0.20128824476650564,0.4512820512820513,0.23671497584541062,0.41195476575121165,0.3387096774193548,0.34918032786885245,0.3545878693623639,0.343801652892562,0.398989898989899,0.3664,0.1166936790923825,0.41491085899513774,0.2897822445561139,0.3247588424437299,0.32387312186978295,0.3901689708141321,0.4537953795379538,0.3842443729903537,0.32160804020100503,0.5175718849840255,0.4644628099173554,0.5106732348111659,0.5447409733124019,0.3535031847133758,0.42022116903633494,0.24879614767255218,0.26686656671664166,0.3902439024390244,0.5579470198675497,0.37540983606557377,0.43457943925233644,0.49133858267716535,0.3868378812199037,0.451505016722408,0.2770700636942675,0.2734375,0.3433333333333333,0.39232053422370616,0.34768740031897927,0.5471698113207547,0.3601340033500838,0.4297385620915033,0.2915980230642504,0.43622047244094486,0.3807266982622433,0.3133116883116883,0.37082601054481545,0.37579617834394907,0.40789473684210525,0.42946708463949845,0.33,0.5205047318611987,0.3502626970227671,0.30976430976430974,0.32423756019261635,0.4416403785488959,0.41680395387149916,0.2830188679245283,0.3632,0.5016447368421053,0.36577708006279436,0.4226289517470882,0.40397350993377484,0.2775974025974026,0.3446601941747573,0.49105691056910566,0.4281150159744409,0.334375,0.4420529801324503,0.39070567986230637,0.42071197411003236,0.45440251572327045,0.2770700636942675,0.35058430717863104,0.3576158940397351,0.47030497592295345,0.29769736842105265,0.3727714748784441,0.45182724252491696,0.3799654576856649,0.36476043276661513,0.32094594594594594,0.3580645161290323,0.3108974358974359,0.43577235772357725,0.43847487001733104,0.3805601317957166,0.40625,0.38666666666666666,0.44666666666666666,0.3463338533541342,0.26610169491525426,0.41652892561983473,0.3686868686868687,0.40387722132471726,0.37094017094017095,0.31475409836065577,0.317741935483871,0.3142857142857143,0.4887459807073955,0.3212520593080725,0.35772357723577236,0.5143312101910829,0.09667194928684628,0.3911719939117199,0.43902439024390244,0.3355263157894737,0.33500837520938026,0.46166394779771613,0.34,0.3624801271860095,0.29845626072041165,0.4028892455858748,0.5176470588235295,0.4737678855325914,0.3294314381270903,0.33446519524617996,0.5007874015748032,0.42601626016260163,0.46214511041009465,0.25380710659898476,0.3354632587859425,0.24096385542168675,0.327212020033389,0.3703125,0.5737410071942446,0.46568627450980393,0.39279869067103107,0.4700460829493088,0.3733133433283358,0.22938530734632684,0.3177710843373494,0.33559322033898303,0.504885993485342,0.37886178861788616,0.4101694915254237,0.38087520259319285,0.3338815789473684,0.3532182103610675,0.4117647058823529,0.5064724919093851,0.3605015673981191,0.4186440677966102,0.35275080906148865,0.4368770764119601,0.39939024390243905,0.3620689655172414,0.3422712933753943,0.38945578231292516,0.5,0.5058823529411764,0.34067796610169493,0.3465045592705167,0.44256756756756754,0.45918367346938777,0.4292682926829268,0.3338709677419355,0.27563025210084036,0.34991708126036486,0.36772046589018303,0.32636655948553056,0.2991735537190083,0.4337748344370861,0.43993231810490696,0.327217125382263,0.2360248447204969,0.3573717948717949,0.3825944170771757,0.31543624161073824,0.23233908948194662,0.4613003095975232,0.47106109324758844,0.41289198606271776,0.4135702746365105,0.38095238095238093
2003,1,9,prevalence,0.26262626262626265,0.31833910034602075,0.5182724252491694,0.27591973244147155,0.4371584699453552,0.2744186046511628,0.2840909090909091,0.3456,0.33774834437086093,0.4479495268138801,0.36349453978159124,0.3285939968404423,0.4547008547008547,0.2969004893964111,0.1873065015479876,0.3958333333333333,0.32273449920508746,0.3950413223140496,0.4407051282051282,0.41626794258373206,0.416403785488959,0.49921507064364207,0.3618181818181818,0.3786707882534776,0.27358490566037735,0.21147540983606558,0.4635416666666667,0.23909531502423265,0.40197693574958815,0.272108843537415,0.4247226624405705,0.433489827856025,0.28209459459459457,0.38095238095238093,0.40418679549114334,0.11794019933554817,0.3623417721518987,0.38950715421303655,0.28955696202531644,0.3149078726968174,0.38449612403100775,0.48760330578512395,0.3343701399688958,0.3107890499194847,0.47145187601957583,0.4494195688225539,0.5220228384991843,0.5201288244766505,0.30179445350734097,0.4061990212071778,0.2715654952076677,0.21351766513056836,0.3642276422764228,0.5602605863192183,0.3024390243902439,0.46048632218844987,0.4611801242236025,0.3470394736842105,0.5,0.29430379746835444,0.2714508580343214,0.40033783783783783,0.36079077429983525,0.3355155482815057,0.5293185419968305,0.49322033898305084,0.5024793388429752,0.27348993288590606,0.46325878594249204,0.44461538461538463,0.267741935483871,0.3493975903614458,0.302066772655008,0.36981757877280264,0.3848531684698609,0.41047297297297297,0.3700787401574803,0.37221269296740994,0.32137030995106036,0.3092948717948718,0.40649149922720246,0.4128,0.3118466898954704,0.40031645569620256,0.5505804311774462,0.33751962323390894,0.3760129659643436,0.3772954924874791,0.29720853858784896,0.35436893203883496,0.4700996677740864,0.42071197411003236,0.3203252032520325,0.31683168316831684,0.47700170357751276,0.3862520458265139,0.31683168316831684,0.3643533123028391,0.3747841105354059,0.3443708609271523,0.5007974481658692,0.2550335570469799,0.40224358974358976,0.39933444259567386,0.39429530201342283,0.37285491419656785,0.34991423670668953,0.4246353322528363,0.3469055374592834,0.4052718286655684,0.44256756756756754,0.3284072249589491,0.39144215530903326,0.46492659053833607,0.3893376413570275,0.4476650563607085,0.3775862068965517,0.4137353433835846,0.4114671163575042,0.3893376413570275,0.4546979865771812,0.3470031545741325,0.2909967845659164,0.37919463087248323,0.39331210191082805,0.2888146911519199,0.367047308319739,0.43929712460063897,0.09711684370257967,0.3395061728395062,0.37735849056603776,0.3576158940397351,0.4100346020761246,0.45187601957585644,0.26003210272873195,0.4045112781954887,0.2915951972555746,0.375,0.5227272727272727,0.5279605263157895,0.3756019261637239,0.38006756756756754,0.5133858267716536,0.3717532467532468,0.4301587301587302,0.32656514382402707,0.293354943273906,0.2057335581787521,0.4271523178807947,0.38837920489296635,0.5437956204379562,0.46178861788617886,0.45032051282051283,0.4218009478672986,0.35171385991058124,0.2,0.25840978593272174,0.3372681281618887,0.4238095238095238,0.4224683544303797,0.45315161839863716,0.3888888888888889,0.3694581280788177,0.37479541734860883,0.43167701863354035,0.4424920127795527,0.33487654320987653,0.43645484949832775,0.3974151857835218,0.44224422442244227,0.4,0.3614864864864865,0.3622291021671827,0.2689655172413793,0.5410628019323671,0.4927536231884058,0.3747870528109029,0.3348982785602504,0.44256756756756754,0.48035714285714287,0.38087520259319285,0.38731218697829717,0.25370675453047775,0.38803418803418804,0.31561996779388085,0.3637846655791191,0.36824324324324326,0.3811881188118812,0.426890756302521,0.3136645962732919,0.20909090909090908,0.3058823529411765,0.425,0.36617405582922824,0.30337078651685395,0.3987730061349693,0.4738562091503268,0.3647260273972603,0.4363929146537842,0.3984
2004,1,9,prevalence,0.25806451612903225,0.4024390243902439,0.48986486486486486,0.2599337748344371,0.42504409171075835,0.23434991974317818,0.3133116883116883,0.33495145631067963,0.23731587561374795,0.41223832528180354,0.3487654320987654,0.2231139646869984,0.4373956594323873,0.2861788617886179,0.2039274924471299,0.42673107890499196,0.3968253968253968,0.35294117647058826,0.40729001584786056,0.40930979133226325,0.3392568659127625,0.435126582278481,0.33451957295373663,0.3704866562009419,0.35893416927899685,0.19547657512116318,0.49393414211438474,0.1984126984126984,0.45484949832775917,0.23972602739726026,0.3724247226624406,0.373015873015873,0.34328358208955223,0.38372093023255816,0.42225859247135844,0.10638297872340426,0.38366718027734975,0.34022257551669316,0.330173775671406,0.3250825082508251,0.2534992223950233,0.4944,0.40605095541401276,0.3724247226624406,0.48914858096828046,0.45439469320066334,0.5260663507109005,0.5954692556634305,0.3081967213114754,0.30098684210526316,0.21533442088091354,0.27136431784107945,0.41812400635930047,0.5198675496688742,0.2639344262295082,0.4312210200927357,0.4528593508500773,0.36363636363636365,0.45081967213114754,0.3429878048780488,0.36817472698907955,0.4432624113475177,0.3724832214765101,0.3212520593080725,0.5233644859813084,0.4756302521008403,0.4012738853503185,0.26153846153846155,0.3977812995245642,0.31317829457364343,0.2750809061488673,0.2424778761061947,0.31197301854974707,0.40924092409240925,0.4666666666666667,0.37745098039215685,0.36808846761453395,0.33163265306122447,0.4438943894389439,0.3592400690846287,0.37402190923317685,0.3866231647634584,0.3752212389380531,0.38301282051282054,0.4867109634551495,0.3684210526315789,0.3243697478991597,0.3534201954397394,0.32608695652173914,0.3073322932917317,0.44013490725126475,0.37886178861788616,0.3646677471636953,0.2565359477124183,0.46050420168067224,0.45230263157894735,0.36628849270664504,0.35590551181102364,0.35578583765112265,0.33931484502446985,0.4850863422291994,0.2066115702479339,0.384,0.4160958904109589,0.41367521367521365,0.3660436137071651,0.3735725938009788,0.44568690095846647,0.3443396226415094,0.44201680672268906,0.3441780821917808,0.34983498349834985,0.46496815286624205,0.43261231281198004,0.3958664546899841,0.4019138755980861,0.34554973821989526,0.36617405582922824,0.3926174496644295,0.3844884488448845,0.45304777594728174,0.42131147540983604,0.3184713375796178,0.31313131313131315,0.31240188383045525,0.2482758620689655,0.2986798679867987,0.443217665615142,0.12357723577235773,0.3177570093457944,0.3469721767594108,0.3771043771043771,0.3373913043478261,0.4608,0.2568659127625202,0.4164179104477612,0.2869269949066214,0.32222222222222224,0.5140845070422535,0.5385878489326765,0.3412698412698413,0.39,0.5345911949685535,0.3075684380032206,0.3670886075949367,0.4088669950738916,0.30258899676375406,0.272419627749577,0.39834710743801655,0.40770465489566615,0.5238938053097345,0.4967845659163987,0.434375,0.4057507987220447,0.2942073170731707,0.19754977029096477,0.2476780185758514,0.2881646655231561,0.4848966613672496,0.47335423197492166,0.46179401993355484,0.3436988543371522,0.3637873754152824,0.32894736842105265,0.4305993690851735,0.4622792937399679,0.38836477987421386,0.46271186440677964,0.419811320754717,0.45695364238410596,0.3468118195956454,0.26970227670753066,0.36037441497659906,0.2719298245614035,0.5377049180327869,0.4604200323101777,0.37094017094017095,0.31329113924050633,0.3917525773195876,0.4656084656084656,0.4724025974025974,0.4218487394957983,0.3166397415185784,0.4172297297297297,0.3180327868852459,0.4343598055105348,0.3548387096774194,0.3970345963756178,0.42625607779578606,0.2988871224165342,0.16304347826086957,0.35655058043117743,0.4262295081967213,0.28620102214650767,0.30173775671406006,0.41823899371069184,0.4966887417218543,0.395,0.3814102564102564,0.4112903225806452
2005,1,9,prevalence,0.22742474916387959,0.3298429319371728,0.5136986301369864,0.24717285945072698,0.4829443447037702,0.28292682926829266,0.2725806451612903,0.3170731707317073,0.2771474878444084,0.45691056910569106,0.35038759689922483,0.2866141732283465,0.5016835016835017,0.3212520593080725,0.30568356374807987,0.319672131147541,0.3370253164556962,0.34335443037974683,0.3836065573770492,0.4573268921095008,0.347068145800317,0.4582651391162029,0.3278985507246377,0.32242990654205606,0.37360890302066774,0.2282958199356913,0.43791946308724833,0.25163398692810457,0.43898305084745765,0.23529411764705882,0.37579617834394907,0.3474178403755869,0.36502546689303905,0.31442463533225284,0.4261744966442953,0.14380165289256197,0.28180354267310787,0.31746031746031744,0.41037735849056606,0.3549432739059968,0.22257551669316375,0.4849445324881141,0.33663366336633666,0.38924050632911394,0.4542483660130719,0.45182724252491696,0.4554140127388535,0.6101426307448494,0.29623567921440264,0.3668261562998405,0.214170692431562,0.2689969604863222,0.40415335463258784,0.5447154471544715,0.2727272727272727,0.3782051282051282,0.4620253164556962,0.3470394736842105,0.48936170212765956,0.2488479262672811,0.3166144200626959,0.4213197969543147,0.4132231404958678,0.32733224222585927,0.4992343032159265,0.4850498338870432,0.42194744976816073,0.4361525704809287,0.40729001584786056,0.31703470031545744,0.25083056478405313,0.40241796200345425,0.3945578231292517,0.3808724832214765,0.449438202247191,0.35855263157894735,0.4171875,0.2512315270935961,0.4186413902053712,0.3470790378006873,0.4022082018927445,0.3933884297520661,0.3386243386243386,0.3312,0.5223880597014925,0.3616,0.45364238410596025,0.3070739549839228,0.3305921052631579,0.3956386292834891,0.48148148148148145,0.35691318327974275,0.3617693522906793,0.3547351524879615,0.4845528455284553,0.42810457516339867,0.3333333333333333,0.3758064516129032,0.4702886247877759,0.32463295269168024,0.4827018121911038,0.22748815165876776,0.35714285714285715,0.46206896551724136,0.39827586206896554,0.35584843492586493,0.43066884176182707,0.43410852713178294,0.3225806451612903,0.4466338259441708,0.4239864864864865,0.3322422258592471,0.4520766773162939,0.3875838926174497,0.375,0.2957074721780604,0.26902654867256637,0.36260162601626017,0.45805369127516776,0.33060556464811786,0.3963815789473684,0.4400656814449918,0.3209302325581395,0.3976897689768977,0.3611111111111111,0.2847457627118644,0.3284072249589491,0.4336569579288026,0.24543946932006633,0.33586626139817627,0.4439102564102564,0.41156462585034015,0.36316695352839934,0.43729903536977494,0.2655007949125596,0.4076335877862595,0.23850085178875638,0.3580645161290323,0.5353356890459364,0.47516556291390727,0.3269230769230769,0.3791390728476821,0.48989113530326595,0.3536,0.3191823899371069,0.29207920792079206,0.4170692431561997,0.333889816360601,0.34146341463414637,0.46794871794871795,0.5054151624548736,0.4984567901234568,0.3480392156862745,0.37658227848101267,0.3445121951219512,0.249597423510467,0.4373040752351097,0.36505190311418684,0.4489795918367347,0.4477848101265823,0.4639865996649916,0.24232633279483037,0.4299835255354201,0.40192926045016075,0.42679127725856697,0.42628205128205127,0.41112828438948995,0.4112627986348123,0.41545893719806765,0.4593698175787728,0.41140215716486905,0.3316062176165803,0.34715821812596004,0.31802721088435376,0.5040783034257749,0.48442367601246106,0.38860971524288107,0.4073482428115016,0.42487046632124353,0.43455497382198954,0.36319218241042345,0.35135135135135137,0.40375586854460094,0.36593591905564926,0.2824675324675325,0.4466338259441708,0.3656957928802589,0.48360655737704916,0.4576547231270358,0.3232963549920761,0.16539050535987748,0.33169934640522875,0.4451510333863275,0.33220338983050846,0.2563291139240506,0.4611727416798732,0.42598684210526316,0.4006514657980456,0.38170347003154576,0.3987138263665595
2006,1,9,prevalence,0.26108374384236455,0.31925675675675674,0.4774305555555556,0.2588996763754045,0.4833040421792619,0.37216828478964403,0.2593167701863354,0.34318555008210183,0.2795341098169717,0.44336569579288027,0.3328149300155521,0.2980456026058632,0.47217537942664417,0.4064,0.33483483483483484,0.3973941368078176,0.3609375,0.33931484502446985,0.4471947194719472,0.46955128205128205,0.3546325878594249,0.4590984974958264,0.374113475177305,0.33634992458521873,0.33814102564102566,0.30128205128205127,0.4013961605584642,0.24758842443729903,0.424,0.25925925925925924,0.39436619718309857,0.31931464174454827,0.44425675675675674,0.2915980230642504,0.3986371379897785,0.13036020583190394,0.275974025974026,0.33548387096774196,0.32445141065830724,0.27941176470588236,0.25732899022801303,0.49022801302931596,0.34517766497461927,0.35930047694753575,0.4682926829268293,0.5236541598694943,0.4801223241590214,0.5739268680445151,0.32941176470588235,0.33278418451400327,0.2605177993527508,0.2336448598130841,0.4451718494271686,0.5482815057283142,0.3181818181818182,0.45166666666666666,0.4709784411276949,0.3223684210526316,0.48613376835236544,0.25273010920436817,0.28482003129890454,0.36930860033726814,0.41989881956155145,0.3521594684385382,0.5166666666666667,0.4581196581196581,0.4296998420221169,0.35392320534223703,0.428343949044586,0.44359756097560976,0.2947882736156352,0.38461538461538464,0.3719723183391003,0.32948929159802304,0.4744186046511628,0.4213197969543147,0.37169517884914466,0.3795986622073579,0.3963815789473684,0.3310225303292894,0.3472,0.3986820428336079,0.33390705679862304,0.3904,0.470873786407767,0.2861736334405145,0.4205298013245033,0.36900958466453676,0.3399014778325123,0.3968503937007874,0.4866666666666667,0.3782051282051282,0.264,0.36923076923076925,0.4666666666666667,0.4715447154471545,0.29430379746835444,0.3646322378716745,0.38487394957983195,0.33774834437086093,0.49203821656050956,0.27129337539432175,0.34379905808477235,0.46140939597315433,0.4444444444444444,0.4431239388794567,0.4718543046357616,0.4246575342465753,0.3426791277258567,0.4085667215815486,0.43103448275862066,0.3194675540765391,0.39109697933227344,0.44013490725126475,0.3868954758190328,0.31240188383045525,0.2764505119453925,0.43709677419354837,0.4124783362218371,0.4565916398713826,0.4262023217247098,0.4266666666666667,0.3161993769470405,0.3950819672131147,0.43993506493506496,0.3356164383561644,0.3587662337662338,0.3870967741935484,0.3117744610281924,0.37201907790143085,0.39646869983948635,0.4172297297297297,0.30782608695652175,0.3753993610223642,0.2532051282051282,0.3950617283950617,0.2703639514731369,0.3333333333333333,0.48336252189141854,0.5254237288135594,0.41412520064205455,0.3082077051926298,0.4489795918367347,0.39869281045751637,0.3765625,0.29838709677419356,0.4959083469721768,0.2622673434856176,0.3509933774834437,0.4831804281345566,0.4991023339317774,0.4704968944099379,0.4290375203915171,0.38064516129032255,0.3569230769230769,0.2692307692307692,0.4546925566343042,0.42517006802721086,0.421474358974359,0.47275641025641024,0.4966101694915254,0.2681744749596123,0.37320574162679426,0.37846655791190864,0.3385579937304075,0.4593698175787728,0.4166666666666667,0.467005076142132,0.40264026402640263,0.4258373205741627,0.4381679389312977,0.3073005093378608,0.33587786259541985,0.35093696763202725,0.48856209150326796,0.4371069182389937,0.423785594639866,0.2995319812792512,0.4504347826086956,0.4854202401372213,0.4885245901639344,0.36271186440677966,0.34072900158478603,0.3458904109589041,0.3424190800681431,0.3665594855305466,0.3366174055829228,0.40456769983686786,0.3964401294498382,0.4185303514376997,0.15805022156573117,0.3503289473684211,0.41025641025641024,0.35073409461663946,0.25728155339805825,0.39646869983948635,0.4332784184514003,0.4428341384863124,0.4186413902053712,0.32084690553745926
2007,1,9,prevalence,0.2926829268292683,0.35294117647058826,0.5138888888888888,0.25949367088607594,0.4528301886792453,0.33167495854063017,0.27287319422150885,0.34094616639477976,0.2775862068965517,0.48932676518883417,0.3652312599681021,0.3891625615763547,0.4880952380952381,0.3280757097791798,0.23672230652503792,0.48177496038034867,0.3450479233226837,0.2711323763955343,0.48705501618122976,0.4958813838550247,0.3640776699029126,0.4459234608985025,0.3333333333333333,0.3230293663060278,0.29357798165137616,0.20163934426229507,0.48154657293497366,0.24082934609250398,0.4211382113821138,0.3230240549828179,0.424483306836248,0.36550632911392406,0.4052173913043478,0.2537313432835821,0.4122657580919932,0.10580204778156997,0.30952380952380953,0.2868462757527734,0.29283489096573206,0.28363047001620745,0.3251231527093596,0.47554806070826305,0.3349673202614379,0.34796238244514105,0.5072933549432739,0.47020933977455714,0.47310126582278483,0.5833333333333334,0.3595317725752508,0.43874172185430466,0.28135048231511256,0.21395348837209302,0.3944099378881988,0.5444264943457189,0.39755351681957185,0.5089141004862237,0.4576,0.3511705685618729,0.44867549668874174,0.22953451043338685,0.3008130081300813,0.34856175972927245,0.3719723183391003,0.35467980295566504,0.47919876733436056,0.41471571906354515,0.40797546012269936,0.2917369308600337,0.439873417721519,0.40092879256965946,0.31986531986531985,0.4010791366906475,0.38617200674536256,0.3586776859504132,0.4708588957055215,0.3918918918918919,0.36755952380952384,0.4370860927152318,0.3413848631239936,0.4118673647469459,0.35842880523731585,0.40384615384615385,0.31239388794567063,0.4028436018957346,0.48562300319488816,0.2962382445141066,0.4221105527638191,0.2909967845659164,0.38102893890675243,0.3956043956043956,0.5532646048109966,0.37799043062200954,0.321875,0.3975694444444444,0.4713584288052373,0.43934426229508194,0.41379310344827586,0.3858520900321543,0.3996683250414594,0.34364820846905536,0.47811993517017826,0.3413078149920255,0.3375594294770206,0.45107794361525705,0.4677685950413223,0.4006849315068493,0.42424242424242425,0.4084720121028744,0.3514774494556765,0.40553745928338764,0.4341880341880342,0.3016129032258065,0.3886178861788618,0.3959731543624161,0.39436619718309857,0.3624801271860095,0.38945578231292516,0.43929712460063897,0.375,0.39325842696629215,0.47619047619047616,0.34223706176961605,0.29283489096573206,0.35566188197767146,0.45686900958466453,0.3711340206185567,0.3360927152317881,0.3811129848229342,0.3651315789473684,0.4029126213592233,0.3288364249578415,0.3277591973244147,0.29780033840947545,0.4669887278582931,0.2839313572542902,0.29365079365079366,0.30185497470489037,0.23731587561374795,0.5365025466893039,0.5025041736227045,0.35377358490566035,0.34673366834170855,0.5134281200631912,0.445,0.4294478527607362,0.2263843648208469,0.4214876033057851,0.3157051282051282,0.3554421768707483,0.43613707165109034,0.5543672014260249,0.5150602409638554,0.44462025316455694,0.42946708463949845,0.26782884310618066,0.2571428571428571,0.3792,0.28695652173913044,0.5064102564102564,0.4694835680751174,0.5103448275862069,0.32727272727272727,0.38621794871794873,0.38497652582159625,0.38808373590982287,0.4738562091503268,0.4072398190045249,0.44745762711864406,0.3963210702341137,0.4820261437908497,0.443217665615142,0.3157894736842105,0.3379416282642089,0.3299492385786802,0.5496688741721855,0.4333868378812199,0.40134907251264756,0.41823899371069184,0.44540727902946275,0.47297297297297297,0.3556280587275693,0.4266441821247892,0.3692551505546751,0.38190954773869346,0.3911620294599018,0.4016260162601626,0.2752902155887231,0.421875,0.48253968253968255,0.3226837060702875,0.13423831070889894,0.36764705882352944,0.4526813880126183,0.3923841059602649,0.24222585924713586,0.40362438220757824,0.4762684124386252,0.4177215189873418,0.4439102564102564,0.32608695652173914
2008,1,9,prevalence,0.31795716639209226,0.3606010016694491,0.5702199661590525,0.29595015576323985,0.48688524590163934,0.28716216216216217,0.2846034214618974,0.3059210526315789,0.24916943521594684,0.3953488372093023,0.32909379968203495,0.3197389885807504,0.5101694915254237,0.3609375,0.23644578313253012,0.4421553090332805,0.30048465266558966,0.2993527508090615,0.44141252006420545,0.4133545310015898,0.3781094527363184,0.4859038142620232,0.3777038269550749,0.3543307086614173,0.3378787878787879,0.13793103448275862,0.4105263157894737,0.2459807073954984,0.4507936507936508,0.37865748709122204,0.375,0.3660436137071651,0.3515358361774744,0.32482993197278914,0.3387358184764992,0.058925476603119586,0.39398998330550916,0.2794348508634223,0.28685897435897434,0.35,0.3606010016694491,0.47797716150081565,0.3694915254237288,0.3344103392568659,0.4837662337662338,0.41223832528180354,0.47919876733436056,0.6028481012658228,0.29716193656093487,0.4405940594059406,0.2528548123980424,0.2138364779874214,0.3810264385692068,0.5063291139240507,0.30407523510971785,0.4381107491856677,0.44122383252818037,0.3350253807106599,0.4950166112956811,0.2492063492063492,0.3011456628477905,0.4074675324675325,0.32081911262798635,0.37520938023450584,0.5214723926380368,0.42642140468227424,0.4382530120481928,0.30236486486486486,0.45264847512038525,0.359375,0.35701906412478335,0.36925795053003535,0.3504132231404959,0.2727272727272727,0.4697674418604651,0.34929078014184395,0.4203338391502276,0.37261146496815284,0.31687898089171973,0.4230088495575221,0.48932676518883417,0.34796747967479674,0.22434782608695653,0.3859375,0.3981042654028436,0.36153846153846153,0.35294117647058826,0.3963815789473684,0.36037441497659906,0.3371710526315789,0.4957410562180579,0.4437400950871632,0.2889983579638752,0.36981757877280264,0.3649754500818331,0.4006514657980456,0.4069400630914827,0.37883435582822084,0.367986798679868,0.31766612641815234,0.449438202247191,0.3401898734177215,0.3416536661466459,0.35584843492586493,0.3905996758508914,0.4402730375426621,0.38016528925619836,0.33587786259541985,0.32819722650231126,0.3884430176565008,0.4867109634551495,0.30247933884297523,0.3747870528109029,0.4064516129032258,0.34294871794871795,0.46029173419773095,0.32154882154882153,0.4669811320754717,0.3970345963756178,0.3931484502446982,0.44276094276094274,0.3904448105436573,0.2766295707472178,0.32038834951456313,0.44264943457189015,0.4027777777777778,0.30615640599001664,0.4386252045826514,0.3338815789473684,0.3190789473684211,0.4212328767123288,0.36910569105691055,0.28620102214650767,0.4791666666666667,0.29475308641975306,0.2575516693163752,0.37166666666666665,0.2986798679867987,0.551433389544688,0.5525876460767947,0.38486312399355876,0.37745098039215685,0.5158730158730159,0.4577114427860697,0.363914373088685,0.23237179487179488,0.32463295269168024,0.36908517350157727,0.3576158940397351,0.4088050314465409,0.5402097902097902,0.3836477987421384,0.4895330112721417,0.4411764705882353,0.3234836702954899,0.3824884792626728,0.3419773095623987,0.2690972222222222,0.4415156507413509,0.4611727416798732,0.4319327731092437,0.36617405582922824,0.322061191626409,0.393026941362916,0.5139751552795031,0.42301458670988656,0.33487654320987653,0.44804088586030666,0.4143835616438356,0.4554140127388535,0.4316309719934102,0.2623762376237624,0.3083969465648855,0.3116438356164384,0.5262295081967213,0.4510108864696734,0.41435562805872755,0.36628849270664504,0.4724137931034483,0.4930313588850174,0.37766830870279144,0.30743243243243246,0.24880382775119617,0.39297658862876256,0.37520391517128876,0.46190476190476193,0.2175379426644182,0.46129541864139023,0.44849445324881143,0.3209677419354839,0.13201820940819423,0.3701923076923077,0.4557377049180328,0.234006734006734,0.2537313432835821,0.4577114427860697,0.4605475040257649,0.4015503875968992,0.40716612377850164,0.3183279742765273
2009,1,9,prevalence,0.25848142164781907,0.3787878787878788,0.5738831615120275,0.18973561430793157,0.4113821138211382,0.20783645655877342,0.27134146341463417,0.36617405582922824,0.28171334431630973,0.4306451612903226,0.31768388106416273,0.3435483870967742,0.40939597315436244,0.3538205980066445,0.29237947122861585,0.3921875,0.26666666666666666,0.3467094703049759,0.4296875,0.35303514376996803,0.3370429252782194,0.4837133550488599,0.37666666666666665,0.4266666666666667,0.32653061224489793,0.12400635930047695,0.4453924914675768,0.1904,0.44605475040257647,0.37521815008726006,0.3494539781591264,0.37251908396946565,0.37478991596638656,0.3451178451178451,0.38762214983713356,0.05802047781569966,0.37658227848101267,0.29127725856697817,0.27722772277227725,0.30201342281879195,0.3833605220228385,0.4304635761589404,0.38235294117647056,0.3079416531604538,0.46763754045307443,0.47962382445141066,0.4367283950617284,0.5539452495974235,0.3202614379084967,0.4451718494271686,0.22203672787979967,0.1875,0.40916030534351144,0.5320813771517997,0.30307941653160453,0.4504065040650406,0.4353312302839117,0.34003350083752093,0.5577235772357724,0.30658105939004815,0.2947019867549669,0.42251223491027734,0.29692832764505117,0.3069139966273187,0.47846153846153844,0.4121739130434783,0.39236641221374047,0.29591836734693877,0.36608557844690964,0.3744,0.41551724137931034,0.44540727902946275,0.30960264900662254,0.3409090909090909,0.38729198184568836,0.33037300177619894,0.43093093093093093,0.33974358974358976,0.3210862619808307,0.3739424703891709,0.4654605263157895,0.33835845896147404,0.2534246575342466,0.3462132921174652,0.46474358974358976,0.42080745341614906,0.38782608695652177,0.4042904290429043,0.3312883435582822,0.39708265802269044,0.47586206896551725,0.4714285714285714,0.27419354838709675,0.3536379018612521,0.424483306836248,0.46226415094339623,0.40189873417721517,0.35015290519877673,0.3990066225165563,0.32211538461538464,0.4840764331210191,0.3971518987341772,0.4177215189873418,0.3672787979966611,0.38351822503961963,0.42546063651591287,0.3924466338259442,0.38664596273291924,0.3915756630265211,0.40514469453376206,0.4634974533106961,0.3014586709886548,0.44329896907216493,0.3883495145631068,0.40096618357487923,0.3930921052631579,0.3407534246575342,0.3895253682487725,0.4069767441860465,0.39291736930860033,0.4626865671641791,0.39225589225589225,0.2544,0.24292845257903495,0.4215530903328051,0.3653516295025729,0.36995153473344106,0.44142614601018676,0.2725752508361204,0.33171521035598706,0.43529411764705883,0.3173076923076923,0.3270547945205479,0.4880382775119617,0.3146417445482866,0.3984126984126984,0.3671497584541063,0.33557046979865773,0.5187713310580204,0.5506535947712419,0.33811802232854865,0.3193979933110368,0.5078369905956113,0.41721854304635764,0.3067484662576687,0.23064770932069512,0.42158516020236086,0.34768740031897927,0.39186991869918697,0.4452887537993921,0.4982758620689655,0.5134706814580031,0.45365853658536587,0.3705426356589147,0.314873417721519,0.3861538461538462,0.3615257048092869,0.28547297297297297,0.5008375209380235,0.4249201277955272,0.5201342281879194,0.37104825291181365,0.3782467532467532,0.32903225806451614,0.4688995215311005,0.438871473354232,0.2964071856287425,0.4601018675721562,0.4336134453781513,0.4137353433835846,0.416260162601626,0.349025974025974,0.32298136645962733,0.28842832469775476,0.45187601957585644,0.43613707165109034,0.4290375203915171,0.40978077571669475,0.48180242634315423,0.4522184300341297,0.449438202247191,0.30220713073005095,0.21677215189873417,0.385,0.45616883116883117,0.41996830427892234,0.23316912972085385,0.4152671755725191,0.4572317262830482,0.3415841584158416,0.15955766192733017,0.42452830188679247,0.4113821138211382,0.2959349593495935,0.22022838499184338,0.4098360655737705,0.46526655896607433,0.34069400630914826,0.3986820428336079,0.3450479233226837
2010,1,9,prevalence,0.22919937205651492,0.39373970345963755,0.5625,0.19349845201238391,0.36436597110754415,0.2656514382402707,0.3148148148148148,0.44025157232704404,0.24549918166939444,0.44350758853288363,0.2532258064516129,0.30048465266558966,0.4187192118226601,0.343801652892562,0.3273615635179153,0.3168469860896445,0.32305194805194803,0.40865384615384615,0.47269890795631825,0.46153846153846156,0.3212025316455696,0.3857374392220421,0.3566666666666667,0.38305084745762713,0.31758957654723124,0.16905901116427433,0.37702265372168287,0.2560386473429952,0.40752351097178685,0.3253012048192771,0.4435857805255023,0.3940345368916798,0.3383838383838384,0.375,0.4276094276094276,0.09166666666666666,0.31746031746031744,0.27358490566037735,0.36065573770491804,0.3798319327731092,0.3844884488448845,0.4588815789473684,0.28289473684210525,0.2931854199683043,0.4223300970873786,0.44043887147335425,0.4401840490797546,0.5756097560975609,0.3272425249169435,0.43577235772357725,0.1848184818481848,0.26031746031746034,0.3317972350230415,0.5495356037151703,0.29199372056514916,0.4423076923076923,0.4967741935483871,0.3063973063973064,0.48242811501597443,0.2427652733118971,0.25662251655629137,0.3802588996763754,0.3628620102214651,0.34201954397394135,0.47581903276131043,0.4603174603174603,0.43283582089552236,0.44047619047619047,0.42096774193548386,0.38207547169811323,0.3931034482758621,0.4007029876977153,0.27749576988155666,0.4405144694533762,0.4255639097744361,0.4300341296928328,0.42592592592592593,0.40282131661442006,0.31230283911671924,0.3852739726027397,0.41300813008130083,0.36904761904761907,0.35515548281505727,0.2762345679012346,0.47770700636942676,0.3704819277108434,0.4084507042253521,0.4225589225589226,0.26572327044025157,0.38003220611916266,0.48717948717948717,0.4121510673234811,0.3220064724919094,0.3808724832214765,0.411214953271028,0.41770186335403725,0.4171974522292994,0.3663522012578616,0.36363636363636365,0.3079470198675497,0.5112540192926045,0.2971246006389776,0.4496124031007752,0.46688741721854304,0.3411214953271028,0.4016949152542373,0.38808373590982287,0.41849529780564265,0.3862928348909657,0.37161084529505584,0.4019607843137255,0.39067524115755625,0.34390651085141904,0.3686708860759494,0.37925445705024313,0.4025974025974026,0.4184873949579832,0.42950819672131146,0.4786053882725832,0.4391891891891892,0.4675324675324675,0.4319327731092437,0.33385826771653543,0.34933774834437087,0.4148264984227129,0.41367521367521365,0.35426731078904994,0.40235690235690236,0.15577889447236182,0.3880597014925373,0.35510887772194305,0.36824877250409166,0.43739279588336194,0.3990536277602524,0.3135048231511254,0.3263327948303716,0.3603174603174603,0.38030560271646857,0.5253682487725041,0.5553745928338762,0.3270735524256651,0.34683954619124796,0.4674922600619195,0.43316412859560066,0.38810641627543035,0.24303405572755418,0.38731218697829717,0.2551505546751189,0.29720853858784896,0.36322188449848025,0.5197934595524957,0.48717948717948717,0.4513422818791946,0.3866877971473851,0.39473684210526316,0.3287461773700306,0.39373970345963755,0.36548223350253806,0.5115894039735099,0.3582554517133956,0.5220949263502455,0.3293103448275862,0.32189542483660133,0.3370429252782194,0.419672131147541,0.41971383147853736,0.31921331316187596,0.43373493975903615,0.4019933554817276,0.4967741935483871,0.4764227642276423,0.25949367088607594,0.33280757097791797,0.32642487046632124,0.5333333333333333,0.41835147744945567,0.4351395730706076,0.35785953177257523,0.36752136752136755,0.47278911564625853,0.40483870967741936,0.3724832214765101,0.2978395061728395,0.3883495145631068,0.3415032679738562,0.36816720257234725,0.4019607843137255,0.38823529411764707,0.401840490797546,0.304857621440536,0.20063191153238547,0.3360258481421648,0.41451612903225804,0.3550488599348534,0.2441077441077441,0.38605442176870747,0.42045454545454547,0.41390205371248023,0.3923444976076555,0.3134087237479806
2011,1,9,prevalence,0.22919937205651492,0.36655405405405406,0.537521815008726,0.270392749244713,0.41017488076311603,0.4107744107744108,0.40189873417721517,0.2837423312883436,0.21809369951534732,0.36097560975609755,0.33706070287539935,0.23993558776167473,0.4521880064829822,0.32387312186978295,0.2552845528455285,0.32192846034214617,0.3383084577114428,0.36436597110754415,0.4777777777777778,0.45024469820554647,0.3163751987281399,0.5008025682182986,0.35914332784184516,0.3121869782971619,0.2985553772070626,0.1996879875195008,0.43134087237479807,0.27980922098569155,0.39164086687306504,0.28921568627450983,0.42620481927710846,0.3382352941176471,0.33169129720853857,0.3055091819699499,0.39398998330550916,0.12372881355932204,0.3146067415730337,0.30387596899224806,0.429042904290429,0.2911813643926789,0.40594059405940597,0.4386252045826514,0.39279869067103107,0.2764612954186414,0.48613376835236544,0.3717948717948718,0.45245398773006135,0.565359477124183,0.35284552845528455,0.391025641025641,0.20588235294117646,0.2939297124600639,0.38449612403100775,0.5603053435114503,0.3251908396946565,0.41166936790923825,0.460655737704918,0.28052805280528054,0.4496,0.2564516129032258,0.3350253807106599,0.3745928338762215,0.38128249566724437,0.3073170731707317,0.5229067930489731,0.466893039049236,0.42484662576687116,0.35413153456998314,0.4745222929936306,0.3723916532905297,0.2902684563758389,0.3767123287671233,0.3637901861252115,0.3902439024390244,0.40093603744149764,0.4048865619546248,0.43130990415335463,0.33649289099526064,0.31974921630094044,0.3360927152317881,0.39901477832512317,0.4099173553719008,0.38041733547351525,0.3532182103610675,0.4935483870967742,0.2708018154311649,0.34210526315789475,0.3789649415692821,0.2527646129541864,0.4064,0.5363321799307958,0.4267515923566879,0.3376413570274637,0.4365482233502538,0.3987341772151899,0.4121306376360809,0.41965678627145087,0.34418604651162793,0.4064,0.3539967373572594,0.5453125,0.2706645056726094,0.32967032967032966,0.44867549668874174,0.35648148148148145,0.38204225352112675,0.39968404423380727,0.358695652173913,0.3573667711598746,0.35917721518987344,0.3859060402684564,0.40098199672667756,0.3803786574870912,0.2969004893964111,0.4088669950738916,0.4535073409461664,0.3695299837925446,0.42088091353996737,0.41849529780564265,0.3973509933774834,0.45839874411302983,0.3404255319148936,0.335423197492163,0.43147208121827413,0.38762214983713356,0.252991452991453,0.33931484502446985,0.46507666098807493,0.13253012048192772,0.40728476821192056,0.3754152823920266,0.4064,0.3479020979020979,0.4439178515007899,0.23248407643312102,0.3821138211382114,0.3584,0.3813559322033898,0.5269168026101142,0.5182829888712241,0.2846034214618974,0.4015748031496063,0.45166402535657685,0.4391080617495712,0.3134087237479806,0.2300469483568075,0.3873581847649919,0.266347687400319,0.31107491856677527,0.3302752293577982,0.5082781456953642,0.4906832298136646,0.4505672609400324,0.43174603174603177,0.3767885532591415,0.1827956989247312,0.38879456706281834,0.34596375617792424,0.5242070116861436,0.4903536977491961,0.47874015748031495,0.4187604690117253,0.252129471890971,0.35152487961476725,0.46742671009771986,0.42949756888168555,0.3130016051364366,0.548922056384743,0.40129449838187703,0.4367816091954023,0.4281098546042003,0.2638230647709321,0.3287671232876712,0.31596638655462184,0.5031446540880503,0.46337579617834396,0.4065040650406504,0.38461538461538464,0.45840407470288624,0.4720812182741117,0.39652448657187994,0.4209650582362729,0.29347826086956524,0.35596026490066224,0.2909090909090909,0.3977455716586151,0.4257095158597663,0.2826086956521739,0.41550387596899224,0.3294701986754967,0.2672,0.41223832528180354,0.33495934959349594,0.2671009771986971,0.2455573505654281,0.46254071661237783,0.4174917491749175,0.4,0.4263565891472868,0.3751962323390895
2012,1,9,prevalence,0.23203592814371257,0.3973509933774834,0.5320945945945946,0.3728813559322034,0.534621578099839,0.3924914675767918,0.35135135135135137,0.3094170403587444,0.16181229773462782,0.4908485856905158,0.3903654485049834,0.2202572347266881,0.47797716150081565,0.23875432525951557,0.29307568438003223,0.34831460674157305,0.2752442996742671,0.30269413629160064,0.41878980891719747,0.36079077429983525,0.3954983922829582,0.4639344262295082,0.3354943273905997,0.3125,0.37359098228663445,0.30804248861911987,0.48753894080996885,0.3127035830618892,0.4147465437788018,0.23424878836833601,0.3717357910906298,0.4157303370786517,0.3317384370015949,0.2878787878787879,0.4584664536741214,0.14710743801652892,0.34105960264900664,0.3536184210526316,0.3595317725752508,0.30514096185737977,0.3624382207578254,0.45588235294117646,0.43089430894308944,0.35161290322580646,0.4960998439937597,0.4448051948051948,0.48665620094191525,0.5347682119205298,0.3462157809983897,0.4283464566929134,0.23941368078175895,0.3516483516483517,0.3259493670886076,0.539906103286385,0.35877862595419846,0.4673202614379085,0.5,0.29679595278246207,0.49139280125195617,0.2507936507936508,0.3597972972972973,0.4189406099518459,0.34397163120567376,0.37479806138933763,0.5293185419968305,0.4982517482517482,0.4059701492537313,0.30528052805280526,0.4953125,0.4306451612903226,0.3505654281098546,0.34364820846905536,0.37333333333333335,0.43457943925233644,0.47527910685805425,0.4295652173913043,0.40217391304347827,0.3442879499217527,0.34335443037974683,0.34797297297297297,0.41412520064205455,0.4709784411276949,0.319935691318328,0.3712480252764613,0.4368932038834951,0.2992592592592593,0.39338235294117646,0.41625207296849087,0.22943037974683544,0.42543171114599687,0.4411764705882353,0.4078125,0.42443729903536975,0.4129353233830846,0.4573268921095008,0.4308176100628931,0.38769230769230767,0.37888198757763975,0.37756714060031593,0.3113673805601318,0.494488188976378,0.33279483037156704,0.3614649681528662,0.3937908496732026,0.3763779527559055,0.4581196581196581,0.4754358161648177,0.38522012578616355,0.34668721109399075,0.410459587955626,0.46563573883161513,0.3653516295025729,0.4450084602368866,0.37520938023450584,0.29853181076672103,0.38301282051282054,0.38571428571428573,0.39067524115755625,0.37442218798151,0.3544093178036606,0.47527910685805425,0.3616666666666667,0.37990580847723704,0.4044750430292599,0.4230769230769231,0.2222222222222222,0.3207236842105263,0.4914965986394558,0.15042735042735042,0.36661211129296234,0.44122657580919933,0.4015503875968992,0.4231404958677686,0.4421875,0.26782884310618066,0.46075085324232085,0.2886762360446571,0.38501742160278746,0.5334394904458599,0.552755905511811,0.3389570552147239,0.4330708661417323,0.5032051282051282,0.34305317324185247,0.36212624584717606,0.25158227848101267,0.3610223642172524,0.3777429467084639,0.30179445350734097,0.42879256965944273,0.5294117647058824,0.5322085889570553,0.44426229508196724,0.42924528301886794,0.34858044164037855,0.16820987654320987,0.35596026490066224,0.3158783783783784,0.5008077544426495,0.40894568690095845,0.4750402576489533,0.403035413153457,0.28846153846153844,0.29252782193958665,0.40445859872611467,0.4453376205787781,0.3295819935691318,0.4586092715231788,0.4790996784565916,0.43316412859560066,0.3782894736842105,0.37702265372168287,0.28278041074249605,0.27168576104746317,0.49434571890145396,0.44301765650080255,0.4546925566343042,0.33983739837398375,0.44816053511705684,0.4925864909390445,0.38041733547351525,0.31118314424635335,0.37384615384615383,0.3481848184818482,0.2762063227953411,0.3613312202852615,0.37271214642262895,0.40126382306477093,0.42153846153846153,0.38387096774193546,0.3370429252782194,0.36702954898911355,0.4032258064516129,0.2626427406199021,0.26677316293929715,0.4032,0.46078431372549017,0.3708708708708709,0.3777429467084639,0.36260162601626017
2013,1,9,prevalence,0.26804123711340205,0.4084967320261438,0.5058236272878536,0.32061068702290074,0.43986820428336076,0.3389830508474576,0.2815533980582524,0.31851851851851853,0.2173202614379085,0.3745928338762215,0.34918032786885245,0.22712933753943218,0.5062695924764891,0.3602058319039451,0.3187702265372168,0.38273615635179153,0.367047308319739,0.2870967741935484,0.4220472440944882,0.38823529411764707,0.34796238244514105,0.5,0.33116883116883117,0.3525641025641026,0.34285714285714286,0.33650793650793653,0.47770700636942676,0.28429752066115704,0.44135802469135804,0.2664526484751204,0.4,0.40930979133226325,0.37658227848101267,0.38879736408566723,0.42301458670988656,0.2525083612040134,0.37373737373737376,0.3973288814691152,0.33277310924369746,0.3338870431893688,0.3741935483870968,0.4395424836601307,0.3903654485049834,0.375609756097561,0.5046439628482973,0.5422647527910686,0.5135135135135135,0.49575551782682514,0.3103448275862069,0.3941267387944359,0.3237639553429027,0.3449920508744038,0.3333333333333333,0.5425531914893617,0.2933130699088146,0.4630225080385852,0.5065359477124183,0.3548387096774194,0.476038338658147,0.2898550724637681,0.34804753820033957,0.40923076923076923,0.4070175438596491,0.3536977491961415,0.4976228209191759,0.49125874125874125,0.32978723404255317,0.30847457627118646,0.4401244167962675,0.4301948051948052,0.33814102564102566,0.3291338582677165,0.37662337662337664,0.38699690402476783,0.4645799011532125,0.4010600706713781,0.43498452012383904,0.3449920508744038,0.3804347826086957,0.3990306946688207,0.4457236842105263,0.34673366834170855,0.32686567164179103,0.31451612903225806,0.47896440129449835,0.27938931297709924,0.44112478031634444,0.3956228956228956,0.2610759493670886,0.36450079239302696,0.4793103448275862,0.38704581358609796,0.40553745928338764,0.419773095623987,0.4301587301587302,0.4161392405063291,0.3549848942598187,0.39570552147239263,0.3712480252764613,0.2931596091205212,0.48177496038034867,0.3262295081967213,0.432258064516129,0.4437299035369775,0.44031007751937984,0.433389544688027,0.41915227629513346,0.38496932515337423,0.30407523510971785,0.3708206686930091,0.5205930807248764,0.4033898305084746,0.4823529411764706,0.46422628951747086,0.33980582524271846,0.4039408866995074,0.33706070287539935,0.3878887070376432,0.3956723338485317,0.464041095890411,0.46540880503144655,0.4256,0.34231378763866877,0.3993055555555556,0.4,0.25949367088607594,0.3316412859560068,0.4072790294627383,0.23102866779089376,0.32019704433497537,0.43676222596964587,0.36018957345971564,0.34035656401944897,0.4758942457231726,0.2896440129449838,0.4084033613445378,0.3126934984520124,0.3688663282571912,0.554858934169279,0.5283018867924528,0.34101382488479265,0.37161084529505584,0.4517684887459807,0.45666666666666667,0.2847457627118644,0.2861685214626391,0.36908517350157727,0.3654743390357698,0.3333333333333333,0.4146341463414634,0.5511945392491467,0.5007541478129713,0.44551282051282054,0.43720190779014306,0.35257410296411856,0.23839009287925697,0.32792207792207795,0.32160804020100503,0.525974025974026,0.48665620094191525,0.5032154340836013,0.3047001620745543,0.2607944732297064,0.3312,0.4333868378812199,0.4773462783171521,0.3815580286168522,0.49750415973377704,0.4763458401305057,0.47058823529411764,0.4199346405228758,0.3746031746031746,0.296411856474259,0.3261943986820428,0.47665056360708535,0.47581903276131043,0.41732283464566927,0.3996815286624204,0.45634266886326197,0.4319327731092437,0.41904761904761906,0.3241935483870968,0.329073482428115,0.33442088091353994,0.2619047619047619,0.41601255886970173,0.35294117647058826,0.39164086687306504,0.43297380585516176,0.3984,0.30625,0.366306027820711,0.38782051282051283,0.26418152350081037,0.22913256955810146,0.4301948051948052,0.4500818330605565,0.43119266055045874,0.3701923076923077,0.3877551020408163
2014,1,9,prevalence,0.3630952380952381,0.407108239095315,0.5458937198067633,0.2995391705069124,0.410828025477707,0.359375,0.2995169082125604,0.3284457478005865,0.3814262023217247,0.35096153846153844,0.353518821603928,0.28938906752411575,0.4921135646687697,0.2603448275862069,0.29697986577181207,0.4198717948717949,0.3695652173913043,0.394524959742351,0.4688473520249221,0.43882544861337686,0.36450079239302696,0.47401574803149604,0.3492063492063492,0.380718954248366,0.3790446841294299,0.2629032258064516,0.4744408945686901,0.2653061224489796,0.3861538461538462,0.38808373590982287,0.33540372670807456,0.3709150326797386,0.41626794258373206,0.400329489291598,0.46266233766233766,0.2864493996569468,0.3537190082644628,0.32894736842105265,0.3847487001733102,0.3407534246575342,0.3582554517133956,0.5056,0.43980738362760835,0.358974358974359,0.5056360708534622,0.5560821484992101,0.4416796267496112,0.5934256055363322,0.3646322378716745,0.45975232198142413,0.36245954692556637,0.2974683544303797,0.470873786407767,0.5436746987951807,0.3146417445482866,0.42375601926163725,0.47249190938511326,0.41638225255972694,0.453525641025641,0.29064039408866993,0.27980132450331124,0.4444444444444444,0.4049733570159858,0.3535031847133758,0.5166402535657686,0.46808510638297873,0.38388625592417064,0.30716723549488056,0.4294573643410853,0.48,0.3343949044585987,0.4125984251968504,0.34049586776859503,0.37750385208012327,0.3924466338259442,0.5121951219512195,0.45891472868217054,0.4012841091492777,0.40858505564387915,0.47244094488188976,0.4405144694533762,0.42258064516129035,0.33893129770992364,0.33073322932917315,0.4512987012987013,0.29465648854961835,0.4098360655737705,0.4491525423728814,0.38996763754045305,0.35,0.4788732394366197,0.41576506955177744,0.32682926829268294,0.38791732909379967,0.4449838187702265,0.38041733547351525,0.3954887218045113,0.37019969278033793,0.3565640194489465,0.32598425196850395,0.43613707165109034,0.313953488372093,0.3911620294599018,0.43709677419354837,0.42586750788643535,0.41318327974276525,0.4272151898734177,0.4411302982731554,0.3573717948717949,0.4556765163297045,0.5235008103727715,0.351575456053068,0.42718446601941745,0.4116666666666667,0.4430379746835443,0.400329489291598,0.31309904153354634,0.4239864864864865,0.3944954128440367,0.4831081081081081,0.3972179289026275,0.41707717569786534,0.35947712418300654,0.3467600700525394,0.405103668261563,0.3787638668779715,0.3412969283276451,0.4601018675721562,0.31118314424635335,0.3977272727272727,0.37271214642262895,0.41262135922330095,0.3760262725779967,0.3801261829652997,0.3443396226415094,0.36260162601626017,0.3201820940819423,0.4169435215946844,0.5412130637636081,0.5382165605095541,0.32192846034214617,0.35046728971962615,0.46166394779771613,0.49158249158249157,0.3663716814159292,0.36688311688311687,0.4126984126984127,0.3397129186602871,0.4117647058823529,0.48043818466353677,0.5389830508474577,0.46967340590979784,0.46687211093990755,0.4057507987220447,0.3392,0.3069908814589666,0.36757624398073835,0.30578512396694213,0.5007974481658692,0.4481132075471698,0.4503105590062112,0.32216905901116427,0.32764505119453924,0.31645569620253167,0.4223300970873786,0.4468802698145025,0.4095394736842105,0.4698205546492659,0.43690851735015773,0.5162337662337663,0.4645799011532125,0.3617693522906793,0.31868131868131866,0.34179357021996615,0.532258064516129,0.4683954619124797,0.3719806763285024,0.3868954758190328,0.5551894563426688,0.4278169014084507,0.45454545454545453,0.4051863857374392,0.35152487961476725,0.38499184339314846,0.3305227655986509,0.471608832807571,0.3251231527093596,0.4604651162790698,0.42684766214177977,0.41112828438948995,0.2703583061889251,0.3453355155482815,0.4074675324675325,0.34477124183006536,0.2471169686985173,0.4696223316912972,0.49837662337662336,0.3810264385692068,0.4393700787401575,0.358814352574103
2015,1,9,prevalence,0.3068702290076336,0.408130081300813,0.550561797752809,0.32526475037821484,0.5115131578947368,0.36660929432013767,0.2598684210526316,0.30927835051546393,0.4375,0.3933884297520661,0.32172470978441126,0.28810975609756095,0.463452566096423,0.27399650959860383,0.2876480541455161,0.41118421052631576,0.38954468802698144,0.35691823899371067,0.5189681335356601,0.49919743178170145,0.32507739938080493,0.4546899841017488,0.41798107255520506,0.417910447761194,0.3405238828967643,0.2365415986949429,0.4170542635658915,0.2787682333873582,0.4486571879936809,0.3981191222570533,0.31259968102073366,0.35842880523731585,0.37216828478964403,0.2975206611570248,0.48214285714285715,0.2903225806451613,0.362012987012987,0.21951219512195122,0.28547297297297297,0.36079077429983525,0.36349453978159124,0.4785373608903021,0.4148264984227129,0.39814814814814814,0.5177419354838709,0.4368,0.555379746835443,0.5325131810193322,0.4027777777777778,0.4570552147239264,0.31118314424635335,0.2642740619902121,0.43354430379746833,0.5136363636363637,0.3590551181102362,0.3902439024390244,0.513302034428795,0.4253472222222222,0.48427672955974843,0.28664495114006516,0.2684124386252046,0.42698412698412697,0.36221837088388215,0.3480314960629921,0.5032051282051282,0.5103092783505154,0.42229199372056514,0.33993399339933994,0.5182370820668692,0.5260586319218241,0.3401574803149606,0.3852080123266564,0.41414141414141414,0.39599383667180277,0.5042158516020236,0.47959183673469385,0.425,0.41823899371069184,0.3862928348909657,0.4671875,0.4042207792207792,0.409967845659164,0.35843373493975905,0.28548644338118023,0.49401709401709404,0.3475609756097561,0.4003623188405797,0.39215686274509803,0.33814102564102566,0.40032414910858993,0.4915254237288136,0.4188976377952756,0.28735632183908044,0.4205607476635514,0.48807631160572335,0.39184952978056425,0.41411042944785276,0.3076923076923077,0.41734860883797054,0.3216,0.4715447154471545,0.2847682119205298,0.40540540540540543,0.5140495867768595,0.3792,0.4912,0.48598130841121495,0.4329073482428115,0.38087774294670845,0.422360248447205,0.45203252032520325,0.35436893203883496,0.41205211726384366,0.3955479452054795,0.34035656401944897,0.4271356783919598,0.3651050080775444,0.418212478920742,0.4046153846153846,0.4463373083475298,0.45161290322580644,0.4073482428115016,0.31789137380191695,0.400355871886121,0.45230263157894735,0.3961352657004831,0.37181663837011886,0.48027444253859347,0.28731942215088285,0.3403225806451613,0.41983471074380163,0.45365853658536587,0.3540983606557377,0.5007974481658692,0.28751974723538704,0.43278688524590164,0.3466076696165192,0.4155405405405405,0.5303030303030303,0.5718901453957996,0.34542586750788645,0.383147853736089,0.4605678233438486,0.4577114427860697,0.45501730103806226,0.35596026490066224,0.4225352112676056,0.3146417445482866,0.4451510333863275,0.4148397976391231,0.5787728026533997,0.4881889763779528,0.4140127388535032,0.43134087237479807,0.3884430176565008,0.29154078549848944,0.31239935587761675,0.33713355048859933,0.4391025641025641,0.4645161290322581,0.4559748427672956,0.3212520593080725,0.4103448275862069,0.30448717948717946,0.4432,0.45733788395904434,0.3860232945091514,0.4799357945425361,0.44251968503937006,0.5169628432956381,0.43781094527363185,0.2711323763955343,0.2803738317757009,0.3113673805601318,0.5307443365695793,0.4730831973898858,0.4318181818181818,0.3390625,0.5337726523887973,0.4893238434163701,0.41140215716486905,0.3408,0.3610223642172524,0.3821138211382114,0.3963210702341137,0.38087520259319285,0.30844155844155846,0.4520766773162939,0.4323076923076923,0.39663093415007655,0.2413223140495868,0.3057324840764331,0.42718446601941745,0.29411764705882354,0.2551834130781499,0.47587354409317806,0.46895424836601307,0.3606299212598425,0.4807692307692308,0.3488372093023256
2016,1,9,prevalence,0.22535211267605634,0.34330708661417325,0.46153846153846156,0.2736842105263158,0.5335463258785943,0.3525535420098847,0.2605042016806723,0.2765957446808511,0.35930047694753575,0.4901639344262295,0.2739495798319328,0.26332288401253917,0.47425897035881437,0.35845896147403683,0.32154882154882153,0.39408866995073893,0.3034257748776509,0.36608557844690964,0.4322289156626506,0.47115384615384615,0.33587786259541985,0.46215780998389694,0.3975346687211094,0.44208809135399674,0.30327868852459017,0.22749590834697217,0.50625,0.24183006535947713,0.3810264385692068,0.37142857142857144,0.3268608414239482,0.3016393442622951,0.3722397476340694,0.31270903010033446,0.4892205638474295,0.31543624161073824,0.3644067796610169,0.22950819672131148,0.27615780445969124,0.36348949919224555,0.3364341085271318,0.3884673748103187,0.41732283464566927,0.403030303030303,0.4766666666666667,0.5264900662251656,0.5476550680786687,0.5169340463458111,0.3757861635220126,0.4827044025157233,0.29248366013071897,0.2713815789473684,0.449438202247191,0.4713855421686747,0.3397745571658615,0.41778523489932884,0.5403225806451613,0.38530465949820786,0.533751962323391,0.27330173775671407,0.25370675453047775,0.453125,0.42955326460481097,0.39570552147239263,0.478806907378336,0.5173611111111112,0.449438202247191,0.3925686591276252,0.5436746987951807,0.41545893719806765,0.3328173374613003,0.3606060606060606,0.41196581196581195,0.4003044140030441,0.5252525252525253,0.46864686468646866,0.40189873417721517,0.42566510172143973,0.39634146341463417,0.4221879815100154,0.46781789638932497,0.43450479233226835,0.2653673163418291,0.32903225806451614,0.5469798657718121,0.28110599078341014,0.3914590747330961,0.43238993710691825,0.2931323283082077,0.3548387096774194,0.5008460236886633,0.42452830188679247,0.2730318257956449,0.4375,0.5135566188197768,0.4369230769230769,0.3769230769230769,0.3285939968404423,0.39767054908485855,0.3258064516129032,0.5370967741935484,0.3162251655629139,0.365,0.41708542713567837,0.39087947882736157,0.5023622047244094,0.43605546995377503,0.4220472440944882,0.3671875,0.4478330658105939,0.48973143759873616,0.3442622950819672,0.4555735056542811,0.36505190311418684,0.42694805194805197,0.4523809523809524,0.4209702660406886,0.4189655172413793,0.49074074074074076,0.4395229982964225,0.4519230769230769,0.4312796208530806,0.27699530516431925,0.3585237258347979,0.4337152209492635,0.42197452229299365,0.34868421052631576,0.5025728987993139,0.2870967741935484,0.38273615635179153,0.3640856672158155,0.4262295081967213,0.3724247226624406,0.4637904468412943,0.2620578778135048,0.39144215530903326,0.327893175074184,0.46153846153846156,0.5271084337349398,0.5232,0.3270440251572327,0.4500792393026941,0.5114754098360655,0.4983221476510067,0.46760070052539404,0.3709677419354839,0.41368584758942456,0.29448818897637796,0.48833592534992226,0.4340567612687813,0.5742574257425742,0.5200642054574639,0.44805194805194803,0.46422628951747086,0.3274478330658106,0.351270553064275,0.33114754098360655,0.402555910543131,0.4888888888888889,0.49834437086092714,0.4646302250803859,0.34983498349834985,0.5180102915951973,0.32727272727272727,0.5400641025641025,0.5093062605752962,0.40978077571669475,0.4500792393026941,0.484375,0.478806907378336,0.4359805510534846,0.29763779527559053,0.3193548387096774,0.2764227642276423,0.5041050903119869,0.48776508972267535,0.3673139158576052,0.3312597200622084,0.4900332225913621,0.5238938053097345,0.44043887147335425,0.3519108280254777,0.3187702265372168,0.44122383252818037,0.4205128205128205,0.40415335463258784,0.315359477124183,0.397708674304419,0.3943217665615142,0.30368098159509205,0.21498371335504887,0.35772357723577236,0.47145187601957583,0.2529711375212224,0.30095541401273884,0.4829821717990275,0.4659090909090909,0.38636363636363635,0.46869983948635635,0.3296875
2017,1,9,prevalence,0.20904836193447737,0.32334384858044163,0.56,0.2405446293494705,0.48870967741935484,0.4,0.2099827882960413,0.3621460506706408,0.2647527910685805,0.535031847133758,0.2727272727272727,0.24405705229793978,0.5709779179810726,0.33895446880269814,0.28888888888888886,0.37152209492635024,0.3372093023255814,0.32861635220125784,0.3888888888888889,0.4492753623188406,0.34375,0.46166134185303515,0.49147286821705427,0.3843594009983361,0.27666666666666667,0.22328548644338117,0.433489827856025,0.2707993474714519,0.41324921135646686,0.328,0.4596774193548387,0.45110410094637227,0.38304552590266877,0.37268128161888703,0.4560530679933665,0.20695364238410596,0.3025210084033613,0.25493421052631576,0.23460898502495842,0.3073170731707317,0.3929663608562691,0.38845553822152884,0.4383561643835616,0.3772455089820359,0.5303776683087028,0.5485519591141397,0.5007849293563579,0.5678119349005425,0.3405238828967643,0.44654088050314467,0.27768860353130015,0.2696078431372549,0.4339622641509434,0.4513677811550152,0.36245954692556637,0.5374376039933444,0.526148969889065,0.3993115318416523,0.5207006369426752,0.2611464968152866,0.2611464968152866,0.4911717495987159,0.3955094991364421,0.353125,0.5136,0.6229235880398671,0.4169329073482428,0.4219001610305958,0.40210843373493976,0.42394822006472493,0.3190839694656489,0.3944099378881988,0.46379310344827585,0.42592592592592593,0.48470209339774556,0.4448051948051948,0.422360248447205,0.3884430176565008,0.4,0.44651162790697674,0.4583333333333333,0.40993788819875776,0.2653958944281525,0.4724540901502504,0.45874587458745875,0.23734177215189872,0.4059233449477352,0.40887480190174325,0.26837606837606837,0.39619651347068147,0.5671378091872792,0.448062015503876,0.30258899676375406,0.4162754303599374,0.5262345679012346,0.4317111459968603,0.3969465648854962,0.4435483870967742,0.40635451505016723,0.3425774877650897,0.40381558028616854,0.3083067092651757,0.38421955403087477,0.49333333333333335,0.36617405582922824,0.5097402597402597,0.4528,0.40865384615384615,0.3693972179289026,0.46411483253588515,0.6239870340356564,0.4003215434083601,0.4233128834355828,0.43986254295532645,0.3700787401574803,0.40784982935153585,0.48417721518987344,0.46631205673758863,0.4479495268138801,0.4682274247491639,0.4180064308681672,0.40691927512355847,0.25960061443932414,0.3281786941580756,0.46293245469522243,0.35893416927899685,0.32516339869281047,0.5993377483443708,0.22345483359746435,0.4416403785488959,0.38205980066445183,0.368,0.3836477987421384,0.4496124031007752,0.2630744849445325,0.3685064935064935,0.33384146341463417,0.3979591836734694,0.48270676691729325,0.5691318327974276,0.4195046439628483,0.4222222222222222,0.5107084019769358,0.4638655462184874,0.39414802065404475,0.32459016393442625,0.39968404423380727,0.2893081761006289,0.46788990825688076,0.49917081260364843,0.5866209262435678,0.5125,0.5510204081632653,0.42560553633217996,0.3449419568822554,0.29595015576323985,0.3930921052631579,0.43709677419354837,0.47104851330203446,0.4337748344370861,0.5,0.4211409395973154,0.503448275862069,0.35093696763202725,0.5469522240527183,0.5147058823529411,0.4295415959252971,0.5310015898251192,0.47320061255742724,0.48484848484848486,0.41971383147853736,0.2754098360655738,0.32532051282051283,0.32459016393442625,0.4824120603015075,0.49836601307189543,0.4074675324675325,0.38391502276176026,0.541038525963149,0.4991364421416235,0.3644859813084112,0.36984126984126986,0.34134615384615385,0.4533762057877814,0.4010152284263959,0.46190476190476193,0.29545454545454547,0.4043887147335423,0.46153846153846156,0.3457364341085271,0.18985270049099837,0.4065040650406504,0.5144694533762058,0.2482876712328767,0.3050314465408805,0.45016077170418006,0.49498327759197325,0.3518821603927987,0.4907692307692308,0.4158730158730159
2018,1,9,prevalence,0.18124006359300476,0.45891472868217054,0.5221674876847291,0.20249221183800623,0.44170771756978655,0.3678343949044586,0.2089041095890411,0.46105919003115264,0.23307086614173228,0.4375,0.3113673805601318,0.25,0.49085365853658536,0.4077669902912621,0.2903752039151713,0.4696223316912972,0.3563025210084034,0.37161084529505584,0.4939759036144578,0.44227642276422763,0.2982456140350877,0.47115384615384615,0.51875,0.3613861386138614,0.26411960132890366,0.2583732057416268,0.4651898734177215,0.2604501607717042,0.3981191222570533,0.3157051282051282,0.5042301184433164,0.4372093023255814,0.42229199372056514,0.3756177924217463,0.47572815533980584,0.18137254901960784,0.3185689948892675,0.3376,0.31208053691275167,0.3126984126984127,0.4069952305246423,0.49216300940438873,0.39076923076923076,0.34234234234234234,0.5048701298701299,0.5568561872909699,0.5062695924764891,0.5610619469026549,0.3269537480063796,0.4709480122324159,0.2229299363057325,0.2635024549918167,0.41467304625199364,0.5216049382716049,0.3627760252365931,0.5253682487725041,0.49842767295597484,0.4236706689536878,0.5098039215686274,0.2846034214618974,0.27386541471048514,0.4310897435897436,0.4584717607973422,0.38975155279503104,0.5307443365695793,0.5501618122977346,0.4287974683544304,0.41904761904761906,0.4229559748427673,0.4192,0.378125,0.42543171114599687,0.39398998330550916,0.5038167938931297,0.43914473684210525,0.4967845659163987,0.49050632911392406,0.35303514376996803,0.40217391304347827,0.47417840375586856,0.5264,0.4573170731707317,0.24963072378138848,0.4730831973898858,0.5188216039279869,0.2604501607717042,0.43373493975903615,0.4131147540983607,0.2391304347826087,0.3889763779527559,0.5746924428822495,0.3829113924050633,0.37799043062200954,0.38972809667673713,0.4890625,0.3417322834645669,0.4195046439628483,0.536115569823435,0.42614601018675724,0.39838709677419354,0.5254777070063694,0.28149300155520995,0.38926174496644295,0.519327731092437,0.4662379421221865,0.5033333333333333,0.4449760765550239,0.47058823529411764,0.3369397217928903,0.4166666666666667,0.51875,0.33387888707037644,0.3791469194312796,0.39304347826086955,0.41310975609756095,0.4016949152542373,0.5108695652173914,0.44922547332185886,0.4587301587301587,0.5301003344481605,0.4269293924466338,0.3996789727126806,0.2796875,0.40166666666666667,0.42078364565587734,0.3961038961038961,0.3271186440677966,0.4833887043189369,0.23274478330658105,0.4513556618819777,0.4065573770491803,0.44084278768233387,0.45794392523364486,0.4840182648401826,0.30864197530864196,0.35510887772194305,0.28794992175273865,0.45394736842105265,0.48919753086419754,0.5532915360501567,0.3705426356589147,0.4241486068111455,0.5403624382207578,0.5243506493506493,0.5993377483443708,0.3349206349206349,0.40186915887850466,0.2774294670846395,0.44680851063829785,0.542713567839196,0.5733113673805601,0.49843260188087773,0.5586854460093896,0.4332191780821918,0.44878048780487806,0.2583201267828843,0.48214285714285715,0.44246353322528365,0.4945226917057903,0.4552980132450331,0.5195439739413681,0.3984251968503937,0.5275459098497496,0.40161290322580645,0.5682888540031397,0.49584026622296173,0.44521739130434784,0.5824,0.5184049079754601,0.5014970059880239,0.4380952380952381,0.34102141680395387,0.334375,0.3333333333333333,0.5201342281879194,0.48722044728434505,0.49047619047619045,0.42442748091603055,0.6439873417721519,0.4486301369863014,0.3949447077409163,0.5038759689922481,0.3934169278996865,0.44,0.3523489932885906,0.4256,0.30130293159609123,0.46141732283464565,0.5249221183800623,0.3460949464012251,0.1777059773828756,0.49261083743842365,0.48105436573311366,0.33391003460207613,0.2917981072555205,0.38164251207729466,0.5199335548172758,0.41585760517799353,0.4253393665158371,0.42604501607717044
2019,1,9,prevalence,0.16640746500777606,0.4976303317535545,0.5772357723577236,0.19395866454689983,0.5033003300330033,0.3627450980392157,0.28421052631578947,0.4704,0.2352,0.4449760765550239,0.34290271132376393,0.296474358974359,0.5321821036106751,0.45304777594728174,0.28391167192429023,0.5369774919614148,0.3581081081081081,0.41576506955177744,0.47303543913713403,0.4590443686006826,0.3474842767295597,0.4870967741935484,0.4307228915662651,0.3652312599681021,0.2553191489361702,0.23615635179153094,0.5472,0.22345483359746435,0.4153605015673981,0.2777777777777778,0.5529411764705883,0.4371069182389937,0.47425897035881437,0.48381877022653724,0.4821705426356589,0.16802610114192496,0.3561643835616438,0.36867862969004894,0.3777403035413153,0.3412322274881517,0.355877616747182,0.4526813880126183,0.3746177370030581,0.3683409436834094,0.48722044728434505,0.5244299674267101,0.5339652448657188,0.6265486725663717,0.2996941896024465,0.47943037974683544,0.21752738654147105,0.24466338259441708,0.47596153846153844,0.5133858267716536,0.3503289473684211,0.5121951219512195,0.5061349693251533,0.5025906735751295,0.5367047308319739,0.33540372670807456,0.3763955342902711,0.39389067524115756,0.520066889632107,0.3478964401294498,0.5225505443234837,0.5222405271828665,0.4110929853181077,0.4503937007874016,0.4668820678513732,0.4297385620915033,0.32854864433811803,0.49270664505672607,0.3587662337662338,0.4831804281345566,0.48946515397082657,0.548440065681445,0.43506493506493504,0.4146341463414634,0.4836193447737909,0.4504643962848297,0.5248796147672552,0.4447900466562986,0.2816265060240964,0.3952380952380952,0.5264,0.2959349593495935,0.5041876046901173,0.44126984126984126,0.22479338842975208,0.393026941362916,0.5516637478108581,0.38801261829652994,0.46492659053833607,0.4345864661654135,0.5707395498392283,0.37320574162679426,0.48714069591527986,0.5372424722662441,0.4497444633730835,0.46481178396072015,0.5287539936102237,0.24842767295597484,0.42657342657342656,0.4857142857142857,0.409967845659164,0.4743801652892562,0.42045454545454547,0.5089141004862237,0.3208137715179969,0.41373801916932906,0.4561128526645768,0.4307178631051753,0.4182692307692308,0.41737649063032367,0.3924050632911392,0.45544554455445546,0.4936507936507937,0.450530035335689,0.43980738362760835,0.48355263157894735,0.5571895424836601,0.48985959438377535,0.33125,0.3786407766990291,0.48303715670436187,0.40836012861736337,0.3798319327731092,0.49022801302931596,0.262992125984252,0.4573268921095008,0.3721311475409836,0.3939393939393939,0.4836193447737909,0.48673946957878317,0.4025764895330113,0.40298507462686567,0.23006134969325154,0.4790996784565916,0.5077881619937694,0.5103011093502378,0.3554119547657512,0.45569620253164556,0.5281456953642384,0.48963317384370014,0.45016611295681064,0.3134087237479806,0.38202247191011235,0.3328025477707006,0.42750373692077726,0.5448613376835236,0.6280587275693311,0.5300462249614792,0.4835164835164835,0.41515650741350907,0.47854785478547857,0.22776911076443057,0.3951612903225806,0.4383116883116883,0.49128367670364503,0.5295081967213114,0.5492730210016155,0.35101404056162244,0.5293185419968305,0.3602584814216478,0.5149136577708007,0.5233333333333333,0.477891156462585,0.573228346456693,0.4799382716049383,0.4694835680751174,0.369281045751634,0.39429530201342283,0.4287949921752739,0.40923566878980894,0.5185185185185185,0.47334410339256866,0.5031746031746032,0.3891472868217054,0.5359375,0.5075885328836425,0.4453125,0.45950155763239875,0.46129541864139023,0.4338358458961474,0.3306188925081433,0.4688473520249221,0.3415841584158416,0.5056910569105691,0.4494556765163297,0.3312597200622084,0.16071428571428573,0.523102310231023,0.5,0.39790575916230364,0.28753993610223644,0.4526813880126183,0.4884488448844885,0.4169435215946844,0.37652439024390244,0.397456279809221
2020,1,9,prevalence,0.20253164556962025,0.40625,0.5533980582524272,0.17462932454695224,0.4583333333333333,0.4243421052631579,0.47855917667238423,0.4968454258675079,0.23202614379084968,0.4161392405063291,0.513911620294599,0.4514003294892916,0.48330683624801274,0.38087520259319285,0.33494363929146537,0.48264984227129337,0.3810316139767055,0.49304482225656876,0.3794162826420891,0.5032786885245901,0.35239567233384855,0.5048543689320388,0.39939485627836613,0.534621578099839,0.5041186161449753,0.2574750830564784,0.42483660130718953,0.25938009787928223,0.4303599374021909,0.42604501607717044,0.49745331069609505,0.43630573248407645,0.46496815286624205,0.38333333333333336,0.45454545454545453,0.16031746031746033,0.37542087542087543,0.3382352941176471,0.362876254180602,0.43820224719101125,0.4834983498349835,0.4681528662420382,0.500772797527048,0.5036818851251841,0.4896988906497623,0.5112903225806451,0.536741214057508,0.5607638888888888,0.5030674846625767,0.4852459016393443,0.23417721518987342,0.25041736227045075,0.49760765550239233,0.44855305466237944,0.4546979865771812,0.49270664505672607,0.48854961832061067,0.5740740740740741,0.5,0.5513428120063191,0.36363636363636365,0.5427215189873418,0.5420098846787479,0.337152209492635,0.5632716049382716,0.420265780730897,0.3365695792880259,0.48165869218500795,0.4523809523809524,0.43833333333333335,0.4042207792207792,0.3760262725779967,0.39279869067103107,0.5247376311844077,0.4936507936507937,0.5670926517571885,0.4344391785150079,0.511437908496732,0.4327217125382263,0.6288,0.5008375209380235,0.4548335974643423,0.4003044140030441,0.4354587869362364,0.49185667752442996,0.3772357723577236,0.4368932038834951,0.4611727416798732,0.34105960264900664,0.6006441223832528,0.564625850340136,0.37662337662337664,0.4326465927099842,0.625,0.5234375,0.44285714285714284,0.5389312977099237,0.5671406003159558,0.44861337683523655,0.5073649754500819,0.4673202614379085,0.38556067588325654,0.3720136518771331,0.50814332247557,0.38621794871794873,0.5559055118110237,0.43,0.4668820678513732,0.4015873015873016,0.4059561128526646,0.540785498489426,0.41833333333333333,0.4218009478672986,0.3588039867109635,0.4356120826709062,0.424190800681431,0.5218800648298217,0.43389830508474575,0.464,0.4919093851132686,0.5218855218855218,0.4411764705882353,0.40793650793650793,0.4128,0.41223832528180354,0.492776886035313,0.387434554973822,0.4544,0.3221884498480243,0.4599686028257457,0.4133986928104575,0.39800995024875624,0.5878693623639192,0.4984025559105431,0.4918300653594771,0.3476027397260274,0.2783018867924528,0.4855769230769231,0.5619195046439629,0.5229793977812995,0.37681159420289856,0.43659711075441415,0.5363036303630363,0.4922360248447205,0.49019607843137253,0.3562091503267974,0.4820846905537459,0.5,0.4903417533432392,0.4933993399339934,0.506514657980456,0.46261682242990654,0.5208655332302936,0.4841930116472546,0.43657331136738053,0.3246951219512195,0.35927152317880795,0.45230263157894735,0.5417322834645669,0.4345718901453958,0.5229508196721312,0.3172302737520129,0.4954545454545455,0.465818759936407,0.580441640378549,0.5331125827814569,0.5129449838187702,0.5023847376788553,0.46070878274268107,0.445635528330781,0.3724832214765101,0.4370748299319728,0.41707717569786534,0.46991869918699186,0.5553691275167785,0.5166402535657686,0.4682926829268293,0.36577708006279436,0.4558359621451104,0.472636815920398,0.5400641025641025,0.4276729559748428,0.43103448275862066,0.4394184168012924,0.4521452145214521,0.46199701937406856,0.5160202360876898,0.4582043343653251,0.439873417721519,0.4440894568690096,0.23444976076555024,0.43523316062176165,0.5139573070607554,0.37860780984719866,0.37142857142857144,0.4612903225806452,0.49838187702265374,0.42833052276559863,0.3968503937007874,0.3951219512195122
2021,1,9,prevalence,0.30483870967741933,0.4503937007874016,0.5366666666666666,0.2634920634920635,0.44299674267100975,0.4483870967741935,0.5636672325976231,0.4864433811802233,0.3888888888888889,0.40902021772939345,0.4402618657937807,0.5298013245033113,0.5055292259083728,0.31369426751592355,0.37850467289719625,0.36808846761453395,0.36348684210526316,0.4831288343558282,0.45933734939759036,0.44516129032258067,0.3660436137071651,0.4960254372019078,0.3728813559322034,0.5193929173693086,0.6506410256410257,0.3194675540765391,0.47491638795986624,0.28913738019169327,0.37697160883280756,0.4937106918238994,0.4271523178807947,0.39418416801292405,0.38304552590266877,0.30303030303030304,0.3753943217665615,0.125,0.30833333333333335,0.2591362126245847,0.4418212478920742,0.3488,0.5479674796747968,0.44605475040257647,0.6111111111111112,0.41964285714285715,0.49759229534510435,0.4799382716049383,0.4582677165354331,0.5322033898305085,0.5526717557251909,0.5313028764805414,0.35893416927899685,0.37372013651877134,0.47368421052631576,0.5463108320251178,0.41361256544502617,0.4112903225806452,0.4801223241590214,0.40098199672667756,0.502454991816694,0.5383411580594679,0.37306501547987614,0.5015822784810127,0.4453376205787781,0.484297520661157,0.5084745762711864,0.426890756302521,0.44426229508196724,0.38258164852255055,0.5024875621890548,0.40728476821192056,0.3814262023217247,0.48760330578512395,0.41186161449752884,0.5,0.43084260731319557,0.47258064516129034,0.43037974683544306,0.4727272727272727,0.4214618973561431,0.5752351097178683,0.45289256198347105,0.34937888198757766,0.48031496062992124,0.33126934984520123,0.5229793977812995,0.4074074074074074,0.441747572815534,0.4110929853181077,0.6933115823817292,0.42338072669826227,0.515358361774744,0.40614886731391586,0.36824877250409166,0.5119760479041916,0.4496,0.43217665615141954,0.45535714285714285,0.4651898734177215,0.3951219512195122,0.3651050080775444,0.47572815533980584,0.5766192733017378,0.43089430894308944,0.5323383084577115,0.4050235478806907,0.48058252427184467,0.4847972972972973,0.4361525704809287,0.6373801916932907,0.5023183925811437,0.48507462686567165,0.45032051282051283,0.3605220228384992,0.41487603305785126,0.3552,0.3752066115702479,0.5145631067961165,0.4322033898305085,0.44749596122778673,0.449438202247191,0.47324414715719065,0.42277691107644305,0.3875598086124402,0.3417322834645669,0.4354066985645933,0.5414634146341464,0.3070469798657718,0.4795417348608838,0.3613312202852615,0.3624382207578254,0.4482200647249191,0.46885245901639344,0.49683544303797467,0.48019017432646594,0.4665551839464883,0.38071065989847713,0.33962264150943394,0.5153374233128835,0.5648854961832062,0.5445859872611465,0.4395424836601307,0.42194744976816073,0.5279106858054227,0.4339622641509434,0.4444444444444444,0.4157119476268412,0.5113636363636364,0.6333878887070377,0.4676470588235294,0.48936170212765956,0.5172413793103449,0.45641838351822506,0.47791798107255523,0.4906621392190153,0.34789915966386553,0.4954545454545455,0.4400656814449918,0.6038338658146964,0.495253164556962,0.521669341894061,0.5064308681672026,0.35545023696682465,0.4260355029585799,0.3627906976744186,0.5609756097560976,0.4741235392320534,0.4624183006535948,0.42543171114599687,0.3847376788553259,0.44126506024096385,0.4716666666666667,0.3933333333333333,0.34868421052631576,0.472,0.4620355411954766,0.54375,0.4431818181818182,0.31375579598145287,0.43381180223285487,0.4831649831649832,0.4405144694533762,0.40498442367601245,0.3387358184764992,0.4130781499202552,0.5683690280065898,0.431784107946027,0.5445378151260504,0.3889763779527559,0.4416,0.6138613861386139,0.25161290322580643,0.4072164948453608,0.43050847457627117,0.3190789473684211,0.4736,0.46504065040650405,0.44407345575959933,0.38782608695652177,0.347068145800317,0.38950715421303655
2022,1,9,prevalence,0.5321252059308073,0.44657097288676234,0.515650741350906,0.5614886731391586,0.4554294975688817,0.4138486312399356,0.42758620689655175,0.4192,0.45241809672386896,0.4818897637795276,0.3295819935691318,0.4468802698145025,0.5,0.31309904153354634,0.34235668789808915,0.3929712460063898,0.30477759472817134,0.3713850837138508,0.44011976047904194,0.4524959742351047,0.3189792663476874,0.4470774091627172,0.33229813664596275,0.4074074074074074,0.5097087378640777,0.3640776699029126,0.4859504132231405,0.3104,0.3637795275590551,0.4625199362041467,0.46526655896607433,0.42443729903536975,0.39313572542901715,0.3825503355704698,0.386748844375963,0.13734567901234568,0.2889983579638752,0.27483443708609273,0.3333333333333333,0.33385826771653543,0.44901315789473684,0.45,0.518341307814992,0.3333333333333333,0.4517684887459807,0.5007824726134585,0.56656346749226,0.589527027027027,0.48148148148148145,0.38813559322033897,0.4967105263157895,0.5105633802816901,0.4312210200927357,0.4737704918032787,0.3940972222222222,0.4555921052631579,0.46795827123695977,0.3753993610223642,0.5106035889070146,0.37735849056603776,0.2931297709923664,0.37216828478964403,0.33665008291873966,0.44408427876823336,0.5347432024169184,0.4939965694682676,0.46905537459283386,0.4287856071964018,0.44894651539708263,0.4614121510673235,0.3564356435643564,0.44193548387096776,0.4453376205787781,0.39206349206349206,0.413961038961039,0.46611570247933887,0.4278996865203762,0.413290113452188,0.4251968503937008,0.42536115569823435,0.4586092715231788,0.37327188940092165,0.3948220064724919,0.3178294573643411,0.5251215559157212,0.2709030100334448,0.383739837398374,0.45865834633385333,0.5262321144674086,0.3821656050955414,0.5119047619047619,0.39080459770114945,0.31270903010033446,0.4561933534743202,0.46859903381642515,0.42718446601941745,0.33839150227617604,0.3449367088607595,0.3905996758508914,0.3500810372771475,0.5253968253968254,0.5073170731707317,0.43870967741935485,0.477891156462585,0.41130298273155413,0.42358803986710963,0.4041095890410959,0.3973941368078176,0.5186991869918699,0.4214618973561431,0.3981762917933131,0.4051863857374392,0.46266233766233766,0.43485342019543977,0.37717908082408874,0.3885350318471338,0.45412130637636083,0.463743676222597,0.4301948051948052,0.43548387096774194,0.4983388704318937,0.3563402889245586,0.31768388106416273,0.2877813504823151,0.46730462519936206,0.46215780998389694,0.32220367278797996,0.48661417322834644,0.2785829307568438,0.36437908496732024,0.41205211726384366,0.35139573070607555,0.44305772230889234,0.44178628389154706,0.33974358974358976,0.34563758389261745,0.3794788273615635,0.36850393700787404,0.5829528158295282,0.5157728706624606,0.4096,0.3178294573643411,0.5112540192926045,0.3692551505546751,0.44761904761904764,0.333889816360601,0.3824027072758037,0.43234323432343236,0.4144927536231884,0.4634146341463415,0.5096153846153846,0.48366013071895425,0.5039872408293461,0.4312080536912752,0.4088586030664395,0.48493975903614456,0.424190800681431,0.5088852988691438,0.5149136577708007,0.46469622331691296,0.48231511254019294,0.3977635782747604,0.32488822652757077,0.33229329173166927,0.3801526717557252,0.5032786885245901,0.4343598055105348,0.4421875,0.44336569579288027,0.4318529862174579,0.45439469320066334,0.3523489932885906,0.27879799666110183,0.38498402555910544,0.5508885298869144,0.4327217125382263,0.3404605263157895,0.4012251148545176,0.504,0.49748743718592964,0.34887459807073956,0.35064935064935066,0.3349358974358974,0.3547351524879615,0.4253246753246753,0.44494047619047616,0.4823529411764706,0.38571428571428573,0.4586092715231788,0.5126475548060708,0.32242225859247137,0.4013605442176871,0.41480206540447506,0.2785016286644951,0.3522012578616352,0.4601328903654485,0.4745484400656814,0.31130434782608696,0.3264984227129338,0.4662379421221865
2023,1,9,prevalence,0.49917627677100496,0.4424920127795527,0.5588235294117647,0.5879478827361564,0.4876847290640394,0.3729903536977492,0.3676222596964587,0.3451043338683788,0.3632075471698113,0.47581903276131043,0.30877742946708464,0.3944353518821604,0.4538216560509554,0.3514376996805112,0.3201267828843106,0.41533546325878595,0.27450980392156865,0.30214723926380366,0.4270986745213549,0.3904448105436573,0.38118022328548645,0.4776357827476038,0.3671274961597542,0.3687707641196013,0.3865414710485133,0.3333333333333333,0.45454545454545453,0.40226171243941844,0.3683360258481422,0.3126984126984127,0.4035947712418301,0.392,0.353125,0.3622704507512521,0.4095826893353941,0.17984496124031008,0.3501628664495114,0.30782029950083195,0.3075684380032206,0.36335403726708076,0.3729641693811075,0.42857142857142855,0.47783251231527096,0.2876923076923077,0.5007898894154819,0.4769475357710652,0.5471698113207547,0.5737976782752903,0.35514018691588783,0.4053601340033501,0.5161812297734628,0.4033898305084746,0.4195583596214511,0.5049019607843137,0.28620689655172415,0.41961414790996787,0.46017699115044247,0.3076923076923077,0.5218093699515347,0.3395348837209302,0.29037267080745344,0.42698412698412697,0.3360128617363344,0.38778877887788776,0.4992412746585736,0.4772344013490725,0.4518633540372671,0.2807570977917981,0.4640625,0.44425675675675674,0.35284552845528455,0.36900958466453676,0.3824451410658307,0.3663522012578616,0.44660194174757284,0.4344262295081967,0.401244167962675,0.4226475279106858,0.3162118780096308,0.42467948717948717,0.37520938023450584,0.40634920634920635,0.32909379968203495,0.3085271317829457,0.4701130856219709,0.342327150084317,0.4430379746835443,0.3984375,0.393026941362916,0.3106796116504854,0.49248747913188645,0.3989983305509182,0.3785123966942149,0.38009049773755654,0.43328100470957615,0.39490445859872614,0.39969604863221886,0.3447204968944099,0.3384853168469861,0.31719532554257096,0.4938080495356037,0.3217821782178218,0.3905996758508914,0.43485617597292725,0.43034055727554177,0.4153846153846154,0.4244482173174873,0.3910891089108911,0.3803986710963455,0.4272151898734177,0.4344391785150079,0.3076923076923077,0.42996742671009774,0.42789223454833597,0.3685950413223141,0.41975308641975306,0.3267175572519084,0.45454545454545453,0.4056291390728477,0.40032414910858993,0.39933993399339934,0.45482866043613707,0.2836990595611285,0.36935483870967745,0.45641838351822506,0.3667180277349769,0.46476510067114096,0.4370139968895801,0.20846905537459284,0.3654485049833887,0.39418416801292405,0.395,0.32975460122699385,0.42592592592592593,0.29372937293729373,0.34348561759729274,0.3934959349593496,0.3266563944530046,0.5053763440860215,0.4960380348652932,0.3777429467084639,0.3302180685358255,0.5152,0.3876582278481013,0.4117647058823529,0.24668874172185432,0.31735537190082647,0.37420382165605093,0.3206997084548105,0.44122383252818037,0.48440065681444994,0.5422647527910686,0.5031446540880503,0.46938775510204084,0.4656616415410385,0.37652439024390244,0.36741767764298094,0.38202247191011235,0.4482200647249191,0.4017094017094017,0.529505582137161,0.36084142394822005,0.34277198211624443,0.334384858044164,0.44393241167434716,0.5241057542768274,0.3107890499194847,0.4699537750385208,0.45304777594728174,0.4637223974763407,0.46266233766233766,0.3225806451612903,0.26655629139072845,0.3001605136436597,0.5176282051282052,0.46824224519940916,0.4620355411954766,0.39209726443769,0.4740973312401884,0.45425361155698235,0.38741721854304634,0.4375,0.2721417069243156,0.36550632911392406,0.3622448979591837,0.39430284857571213,0.3130287648054145,0.36984126984126986,0.3953098827470687,0.391156462585034,0.3715670436187399,0.40635451505016723,0.4789915966386555,0.3312597200622084,0.27848101265822783,0.42716857610474634,0.51,0.44905008635578586,0.3758064516129032,0.5117739403453689
2024,1,9,prevalence,0.31382113821138213,0.3474178403755869,0.5646481178396072,0.42833333333333334,0.43221690590111644,0.2592,0.29304635761589404,0.36645962732919257,0.2854938271604938,0.42153846153846153,0.33073322932917315,0.3038397328881469,0.4991896272285251,0.3869426751592357,0.2531847133757962,0.34913112164297,0.32682926829268294,0.28526148969889065,0.4063926940639269,0.45977011494252873,0.4158730158730159,0.5330188679245284,0.38080495356037153,0.3617363344051447,0.31118314424635335,0.2730210016155089,0.44901315789473684,0.31209150326797386,0.451559934318555,0.24635332252836303,0.32961783439490444,0.3670886075949367,0.3266563944530046,0.3547854785478548,0.4050235478806907,0.21116138763197587,0.391304347826087,0.32401315789473684,0.3109656301145663,0.3753943217665615,0.26688102893890675,0.40609137055837563,0.3442088091353997,0.3546325878594249,0.44075829383886256,0.45,0.4825949367088608,0.5819672131147541,0.34222919937205654,0.362012987012987,0.36450079239302696,0.2973421926910299,0.40793650793650793,0.51,0.30390492359932086,0.4606918238993711,0.4276923076923077,0.3089802130898021,0.5063291139240507,0.28771384136858474,0.3250388802488336,0.4513556618819777,0.3382113821138211,0.367986798679868,0.41368584758942456,0.5476973684210527,0.3142857142857143,0.3244929797191888,0.4401294498381877,0.39867109634551495,0.34565916398713825,0.2992125984251969,0.39628482972136225,0.34006211180124224,0.5193548387096775,0.4180602006688963,0.4574961360123648,0.42080745341614906,0.30806451612903224,0.37397034596375617,0.385,0.4507936507936508,0.3184,0.3167701863354037,0.4326465927099842,0.39487179487179486,0.420032310177706,0.31281198003327787,0.3344370860927152,0.330173775671406,0.5387205387205387,0.4497528830313015,0.35748031496062993,0.3540090771558245,0.42700156985871274,0.4057971014492754,0.37058823529411766,0.3798449612403101,0.33650793650793653,0.35864297253634897,0.4525993883792049,0.2706270627062706,0.38915470494417864,0.4674657534246575,0.39001560062402496,0.42078364565587734,0.3761140819964349,0.3805601317957166,0.29716193656093487,0.34527687296416937,0.4122257053291536,0.31179321486268174,0.3948220064724919,0.3364485981308411,0.4367816091954023,0.3924242424242424,0.2638888888888889,0.5491803278688525,0.4006514657980456,0.44155844155844154,0.4768,0.4346456692913386,0.357487922705314,0.3457792207792208,0.41042345276872966,0.30537974683544306,0.36468646864686466,0.41550387596899224,0.16693418940609953,0.36644951140065146,0.4414976599063963,0.40625,0.278816199376947,0.4699537750385208,0.22847682119205298,0.4033898305084746,0.28125,0.36363636363636365,0.49133858267716535,0.47581903276131043,0.3285939968404423,0.34597875569044007,0.46885245901639344,0.4049079754601227,0.3522012578616352,0.2824675324675325,0.35702479338842974,0.2845786963434022,0.3058823529411765,0.3370967741935484,0.48519736842105265,0.471875,0.4176829268292683,0.41237113402061853,0.3639398998330551,0.3186119873817035,0.38617200674536256,0.3376413570274637,0.4859504132231405,0.5090311986863711,0.5143769968051118,0.3248811410459588,0.34328358208955223,0.3813953488372093,0.5165165165165165,0.4838709677419355,0.3872549019607843,0.47384615384615386,0.41475409836065574,0.4128289473684211,0.4352,0.30560271646859083,0.3402889245585875,0.27689873417721517,0.46709470304975925,0.4113263785394933,0.40916271721958924,0.2824773413897281,0.4340836012861736,0.4704944178628389,0.38308457711442784,0.3458528951486698,0.32171156893819336,0.42971246006389774,0.30505709624796085,0.37537537537537535,0.27474402730375425,0.45131375579598143,0.4261744966442953,0.39558573853989815,0.41883116883116883,0.34328358208955223,0.3949579831932773,0.25880551301684535,0.2662337662337662,0.41050903119868637,0.43645484949832775,0.46206896551724136,0.42536115569823435,0.3996983408748115
2025,1,9,prevalence,0.25163398692810457,0.47086614173228347,0.5566343042071198,0.28,0.4449760765550239,0.23887973640856672,0.2313915857605178,0.27596899224806204,0.23609022556390977,0.4297253634894992,0.3738738738738739,0.238562091503268,0.4594594594594595,0.3579638752052545,0.2589703588143526,0.40916271721958924,0.4029363784665579,0.3487261146496815,0.4142194744976816,0.41818181818181815,0.32909379968203495,0.4169329073482428,0.4281150159744409,0.3580645161290323,0.2841614906832298,0.21684867394695787,0.4068627450980392,0.2560777957860616,0.4469820554649266,0.2764612954186414,0.33228346456692914,0.3397129186602871,0.3599374021909233,0.29549248747913187,0.36335403726708076,0.271513353115727,0.40589198036006546,0.33876221498371334,0.3382113821138211,0.31329113924050633,0.32894736842105265,0.3996627318718381,0.3553299492385787,0.3778135048231511,0.43209876543209874,0.4106583072100313,0.5161290322580645,0.5709515859766278,0.16831683168316833,0.38498402555910544,0.2929133858267717,0.24525316455696203,0.3949447077409163,0.524451939291737,0.2669983416252073,0.4785276073619632,0.4444444444444444,0.29429429429429427,0.5474339035769828,0.22595419847328244,0.296875,0.4510108864696734,0.3817891373801917,0.2857142857142857,0.4734375,0.5301794453507341,0.3984126984126984,0.2854889589905363,0.46849757673667203,0.33,0.279874213836478,0.30990415335463256,0.3536776212832551,0.3674418604651163,0.5032679738562091,0.43295638126009695,0.3270735524256651,0.32524271844660196,0.31189710610932475,0.33884297520661155,0.33793103448275863,0.3262295081967213,0.34683954619124796,0.2745398773006135,0.48412698412698413,0.3684210526315789,0.4226475279106858,0.3872549019607843,0.33385826771653543,0.3764135702746365,0.5084459459459459,0.3719412724306688,0.34345047923322686,0.38095238095238093,0.4276729559748428,0.393026941362916,0.34711964549483015,0.4261275272161742,0.39074960127591707,0.3929712460063898,0.46986089644513135,0.20516962843295639,0.3413848631239936,0.43147208121827413,0.4098101265822785,0.3767361111111111,0.3693379790940767,0.4065573770491803,0.26744186046511625,0.361247947454844,0.40858505564387915,0.344,0.43577235772357725,0.3700787401574803,0.39164086687306504,0.33586626139817627,0.3396825396825397,0.3861066235864297,0.4626391096979332,0.3958333333333333,0.44086021505376344,0.434850863422292,0.3665594855305466,0.31191222570532917,0.4077181208053691,0.25588697017268447,0.3031301482701812,0.4527439024390244,0.23248407643312102,0.33658536585365856,0.36923076923076925,0.35964912280701755,0.3111455108359133,0.4467741935483871,0.26359143327841844,0.35,0.3027823240589198,0.34009360374414976,0.5239567233384853,0.48417721518987344,0.3596774193548387,0.2527646129541864,0.493730407523511,0.4027777777777778,0.35646687697160884,0.37439222042139386,0.4079601990049751,0.20543293718166383,0.25773195876288657,0.39838709677419354,0.5202020202020202,0.4976958525345622,0.4377880184331797,0.4120603015075377,0.25870646766169153,0.29357798165137616,0.3492333901192504,0.3910891089108911,0.4763458401305057,0.41091492776886035,0.45125786163522014,0.3082942097026604,0.37295690936106984,0.36251920122887865,0.37987987987987987,0.4930875576036866,0.37925445705024313,0.453125,0.4531772575250836,0.494195688225539,0.43585526315789475,0.2805872756933116,0.34471544715447155,0.277337559429477,0.4527687296416938,0.35311572700296734,0.3559870550161812,0.3588957055214724,0.4828125,0.4936102236421725,0.39303482587064675,0.2940226171243942,0.2220447284345048,0.3333333333333333,0.32142857142857145,0.383206106870229,0.25510204081632654,0.40342679127725856,0.4674457429048414,0.3888888888888889,0.3078149920255183,0.32741935483870965,0.4605263157894737,0.20597014925373133,0.22077922077922077,0.45840407470288624,0.4482758620689655,0.38823529411764707,0.3958333333333333,0.4148148148148148
