Time,age_start,age_end,measure,draw_0,draw_1,draw_2,draw_3,draw_4,draw_5,draw_6,draw_7,draw_8,draw_9,draw_10,draw_11,draw_12,draw_13,draw_14,draw_15,draw_16,draw_17,draw_18,draw_19,draw_20,draw_21,draw_22,draw_23,draw_24,draw_25,draw_26,draw_27,draw_28,draw_29,draw_30,draw_31,draw_32,draw_33,draw_34,draw_35,draw_36,draw_37,draw_38,draw_39,draw_40,draw_41,draw_42,draw_43,draw_44,draw_45,draw_46,draw_47,draw_48,draw_49,draw_50,draw_51,draw_52,draw_53,draw_54,draw_55,draw_56,draw_57,draw_58,draw_59,draw_60,draw_61,draw_62,draw_63,draw_64,draw_65,draw_66,draw_67,draw_68,draw_69,draw_70,draw_71,draw_72,draw_73,draw_74,draw_75,draw_76,draw_77,draw_78,draw_79,draw_80,draw_81,draw_82,draw_83,draw_84,draw_85,draw_86,draw_87,draw_88,draw_89,draw_90,draw_91,draw_92,draw_93,draw_94,draw_95,draw_96,draw_97,draw_98,draw_99,draw_100,draw_101,draw_102,draw_103,draw_104,draw_105,draw_106,draw_107,draw_108,draw_109,draw_110,draw_111,draw_112,draw_113,draw_114,draw_115,draw_116,draw_117,draw_118,draw_119,draw_120,draw_121,draw_122,draw_123,draw_124,draw_125,draw_126,draw_127,draw_128,draw_129,draw_130,draw_131,draw_132,draw_133,draw_134,draw_135,draw_136,draw_137,draw_138,draw_139,draw_140,draw_141,draw_142,draw_143,draw_144,draw_145,draw_146,draw_147,draw_148,draw_149,draw_150,draw_151,draw_152,draw_153,draw_154,draw_155,draw_156,draw_157,draw_158,draw_159,draw_160,draw_161,draw_162,draw_163,draw_164,draw_165,draw_166,draw_167,draw_168,draw_169,draw_170,draw_171,draw_172,draw_173,draw_174,draw_175,draw_176,draw_177,draw_178,draw_179,draw_180,draw_181,draw_182,draw_183,draw_184,draw_185,draw_186,draw_187,draw_188,draw_189,draw_190,draw_191,draw_192,draw_193,draw_194,draw_195,draw_196,draw_197,draw_198,draw_199
1996,1,9,prevalence,0.009009009009009009,0.04588607594936709,0.0016051364365971107,0.025,0.0030911901081916537,0.0,0.0910569105691057,0.04874213836477988,0.0,0.10030864197530864,0.13476263399693722,0.056962025316455694,0.0963855421686747,0.004622496147919877,0.06315789473684211,0.09740259740259741,0.024193548387096774,0.13333333333333333,0.04309063893016345,0.0,0.0943089430894309,0.11251980982567353,0.04746835443037975,0.08042488619119878,0.0,0.011437908496732025,0.0,0.06521739130434782,0.034976152623211444,0.0,0.0734375,0.10606060606060606,0.06847133757961783,0.06239737274220033,0.003284072249589491,0.006191950464396285,0.07179487179487179,0.03143712574850299,0.0,0.08053691275167785,0.0017094017094017094,0.06436420722135008,0.08143322475570032,0.0515625,0.001597444089456869,0.05909797822706065,0.10124610591900311,0.03110419906687403,0.08628659476117104,0.0,0.028125,0.021739130434782608,0.05648854961832061,0.024154589371980676,0.0029895366218236174,0.0,0.027463651050080775,0.03889789303079417,0.08419497784342689,0.06677018633540373,0.02388535031847134,0.0016339869281045752,0.0015337423312883436,0.0030911901081916537,0.014308426073131956,0.024242424242424242,0.0,0.0030441400304414,0.17182662538699692,0.007621951219512195,0.008888888888888889,0.0,0.058823529411764705,0.0016260162601626016,0.03260869565217391,0.006329113924050633,0.0015384615384615385,0.05177993527508091,0.042692939244663386,0.12351190476190477,0.037383177570093455,0.0,0.051696284329563816,0.05580693815987934,0.1345565749235474,0.010769230769230769,0.0,0.0015408320493066256,0.0,0.06821705426356589,0.04075235109717868,0.004629629629629629,0.006097560975609756,0.07098765432098765,0.01524390243902439,0.049206349206349205,0.02900763358778626,0.05647840531561462,0.017964071856287425,0.017828200972447326,0.11442006269592477,0.033386327503974564,0.08463949843260188,0.16408668730650156,0.0898876404494382,0.058637083993660855,0.004594180704441042,0.3052147239263804,0.0,0.07309486780715396,0.1403225806451613,0.1272430668841762,0.052547770700636945,0.008305647840531562,0.07266982622432859,0.12808641975308643,0.027156549520766772,0.0015723270440251573,0.02945736434108527,0.0462046204620462,0.12537764350453173,0.008077544426494346,0.0049261083743842365,0.1043613707165109,0.003179650238473768,0.03125,0.004754358161648178,0.004754358161648178,0.1490066225165563,0.1126984126984127,0.006230529595015576,0.19783616692426584,0.06976744186046512,0.024390243902439025,0.08346456692913386,0.08108108108108109,0.0030959752321981426,0.10679611650485436,0.048,0.0513595166163142,0.0015822784810126582,0.10298507462686567,0.03565640194489465,0.0046439628482972135,0.06885245901639345,0.026194144838212634,0.13284671532846715,0.06451612903225806,0.0,0.08566978193146417,0.11658456486042693,0.0,0.0,0.0,0.06301824212271974,0.04692556634304207,0.061128526645768025,0.027993779160186624,0.054878048780487805,0.0033500837520938024,0.025848142164781908,0.003194888178913738,0.0,0.0015527950310559005,0.057750759878419454,0.011532125205930808,0.004665629860031105,0.15384615384615385,0.0,0.02593192868719611,0.02875399361022364,0.03479576399394856,0.06624605678233439,0.0015290519877675841,0.013996889580093312,0.0045662100456621,0.17628705148205928,0.011864406779661017,0.0015527950310559005,0.08082408874801902,0.1044776119402985,0.1109375,0.0064,0.0,0.0030441400304414,0.008347245409015025,0.04739336492890995,0.10668789808917198,0.0015337423312883436,0.05910543130990415,0.08225806451612903,0.016923076923076923,0.1088,0.08823529411764706,0.12272727272727273,0.081377151799687,0.03469079939668175,0.0,0.003129890453834116,0.001579778830963665
1997,1,9,prevalence,0.007911392405063292,0.029850746268656716,0.0,0.012944983818770227,0.0031746031746031746,0.0,0.07903225806451612,0.03943217665615142,0.0,0.10655737704918032,0.1140625,0.08702791461412152,0.06923076923076923,0.009584664536741214,0.05627009646302251,0.0548885077186964,0.03776683087027915,0.19548872180451127,0.046251993620414676,0.0,0.09417808219178082,0.08681135225375626,0.05149501661129568,0.06635071090047394,0.0,0.009852216748768473,0.0,0.08576051779935275,0.02903225806451613,0.0,0.06836248012718601,0.08214849921011058,0.07920792079207921,0.056451612903225805,0.0031746031746031746,0.006339144215530904,0.061837455830388695,0.060221870047543584,0.0016722408026755853,0.08247422680412371,0.0016891891891891893,0.06389776357827476,0.05419580419580419,0.06456953642384106,0.0016501650165016502,0.05144694533762058,0.1038961038961039,0.04091653027823241,0.0695364238410596,0.0,0.04942339373970346,0.011308562197092083,0.05608974358974359,0.03685092127303183,0.003105590062111801,0.0,0.01680672268907563,0.04111842105263158,0.10142630744849446,0.04276315789473684,0.04187604690117253,0.0033277870216306157,0.003129890453834116,0.0015822784810126582,0.00825082508250825,0.0445468509984639,0.0017543859649122807,0.011058451816745656,0.1723027375201288,0.007874015748031496,0.007751937984496124,0.0,0.07236842105263158,0.0016474464579901153,0.01238390092879257,0.008143322475570033,0.0,0.04923599320882852,0.04194630872483222,0.12462006079027356,0.0453125,0.001652892561983471,0.0432,0.0440251572327044,0.15023474178403756,0.003115264797507788,0.0,0.001584786053882726,0.005025125628140704,0.07119741100323625,0.046052631578947366,0.0032,0.0033112582781456954,0.06774193548387097,0.020634920634920634,0.05289256198347107,0.02388535031847134,0.05862068965517241,0.0218408736349454,0.04159733777038269,0.10655737704918032,0.0234375,0.09166666666666666,0.09335443037974683,0.08374384236453201,0.07253886010362694,0.0,0.25076452599388377,0.0,0.08524590163934426,0.1407766990291262,0.119281045751634,0.03508771929824561,0.006745362563237774,0.08562197092084006,0.16693679092382496,0.027552674230145867,0.0032102728731942215,0.049403747870528106,0.06514657980456026,0.09104704097116843,0.013223140495867768,0.005,0.12238325281803543,0.0031397174254317113,0.03553299492385787,0.004893964110929853,0.006611570247933884,0.18425460636515914,0.11,0.0032,0.156957928802589,0.0798611111111111,0.023972602739726026,0.0628099173553719,0.08695652173913043,0.0016,0.12751677852348994,0.06969205834683954,0.0572289156626506,0.0016233766233766235,0.0655226209048362,0.03980099502487562,0.006644518272425249,0.061837455830388695,0.02258064516129032,0.13692307692307693,0.06389776357827476,0.0,0.07419354838709677,0.08970099667774087,0.0,0.0,0.0,0.04882154882154882,0.021775544388609715,0.04430379746835443,0.025078369905956112,0.06677018633540373,0.005119453924914676,0.019448946515397084,0.0016750418760469012,0.0,0.0015873015873015873,0.05492730210016155,0.018333333333333333,0.0065040650406504065,0.1189358372456964,0.0,0.041254125412541254,0.039792387543252594,0.03599374021909233,0.08020477815699659,0.004754358161648178,0.015100671140939598,0.006462035541195477,0.21350078492935637,0.01054481546572935,0.003316749585406302,0.08156606851549755,0.11241610738255034,0.1480865224625624,0.00825082508250825,0.0,0.00641025641025641,0.016835016835016835,0.06645056726094004,0.10902896081771721,0.001584786053882726,0.03966942148760331,0.1,0.004777070063694267,0.09780775716694773,0.08117443868739206,0.1461038961038961,0.08614864864864864,0.03869969040247678,0.001718213058419244,0.0015698587127158557,0.0032414910858995136
1998,1,9,prevalence,0.011235955056179775,0.02152317880794702,0.0,0.004862236628849271,0.004838709677419355,0.0,0.08294209702660407,0.03177257525083612,0.0,0.088379705400982,0.08681672025723473,0.08752025931928688,0.08497723823975721,0.014586709886547812,0.04487179487179487,0.08067226890756303,0.0352,0.21693907875185736,0.0592,0.0,0.08571428571428572,0.05825242718446602,0.10180623973727422,0.025559105431309903,0.0,0.008561643835616438,0.0,0.08130081300813008,0.02459016393442623,0.0,0.06807131280388978,0.08263069139966273,0.051070840197693576,0.0848,0.0016,0.0015552099533437014,0.04844290657439446,0.05246422893481717,0.0016260162601626016,0.08532423208191127,0.0033500837520938024,0.07352941176470588,0.033391915641476276,0.045234248788368334,0.0016366612111292963,0.06528662420382166,0.07051282051282051,0.05518394648829431,0.10666666666666667,0.0015360983102918587,0.05057096247960848,0.009615384615384616,0.045234248788368334,0.045454545454545456,0.0046875,0.0,0.0423728813559322,0.04376012965964344,0.10047095761381476,0.03902439024390244,0.05057096247960848,0.013071895424836602,0.0015408320493066256,0.0015625,0.01788617886178862,0.05128205128205128,0.00676818950930626,0.009259259259259259,0.17034700315457413,0.004807692307692308,0.0109375,0.0,0.060556464811783964,0.003395585738539898,0.01584786053882726,0.008103727714748784,0.0,0.057755775577557754,0.06890756302521009,0.12658227848101267,0.058637083993660855,0.0032733224222585926,0.03789126853377265,0.06074766355140187,0.14285714285714285,0.0031446540880503146,0.0,0.0016155088852988692,0.0049261083743842365,0.09577922077922078,0.03685897435897436,0.0031645569620253164,0.001644736842105263,0.07419354838709677,0.022988505747126436,0.07768595041322314,0.01461038961038961,0.04931972789115646,0.0220125786163522,0.07601351351351351,0.08598726114649681,0.020634920634920634,0.06031746031746032,0.060126582278481014,0.0932475884244373,0.05067567567567568,0.003003003003003003,0.17656500802568217,0.0,0.15057283142389524,0.12277867528271405,0.119281045751634,0.030448717948717948,0.006688963210702341,0.06612903225806452,0.15031645569620253,0.03054662379421222,0.003246753246753247,0.06403940886699508,0.08520900321543408,0.0783132530120482,0.01800327332242226,0.0033444816053511705,0.10214168039538715,0.004518072289156626,0.04690117252931323,0.0032520325203252032,0.0032948929159802307,0.12755102040816327,0.10829103214890017,0.0016501650165016502,0.12678288431061807,0.07407407407407407,0.03577512776831346,0.04784688995215311,0.07628524046434494,0.0,0.09390444810543658,0.09309791332263243,0.03787878787878788,0.0016207455429497568,0.05055292259083728,0.06016260162601626,0.008210180623973728,0.07092198581560284,0.029079159935379646,0.09627329192546584,0.04862236628849271,0.0,0.060655737704918035,0.09283387622149837,0.0,0.00625,0.0,0.056666666666666664,0.01675041876046901,0.05736434108527132,0.03241491085899514,0.06980273141122914,0.005067567567567568,0.021346469622331693,0.003246753246753247,0.0,0.0031545741324921135,0.06741573033707865,0.05602716468590832,0.004862236628849271,0.096875,0.00782472613458529,0.062193126022913256,0.0410958904109589,0.0390015600624025,0.09880749574105621,0.0030534351145038168,0.0069084628670120895,0.011456628477905073,0.22291021671826625,0.00684931506849315,0.003305785123966942,0.10361842105263158,0.12807881773399016,0.13400335008375208,0.00819672131147541,0.0,0.003236245954692557,0.014134275618374558,0.088,0.06303236797274275,0.001557632398753894,0.03431372549019608,0.06565656565656566,0.004966887417218543,0.07912457912457913,0.06551724137931035,0.16476345840130505,0.06688963210702341,0.04186046511627907,0.001669449081803005,0.0015923566878980893,0.001652892561983471
1999,1,9,prevalence,0.024115755627009645,0.024232633279483037,0.0,0.012924071082390954,0.0,0.0,0.05660377358490566,0.02680067001675042,0.0,0.10457516339869281,0.06514657980456026,0.060126582278481014,0.06923076923076923,0.01597444089456869,0.03542673107890499,0.08121827411167512,0.04961240310077519,0.2087087087087087,0.06351791530944625,0.0,0.08020477815699659,0.04669887278582931,0.11912751677852348,0.016556291390728478,0.0015923566878980893,0.013651877133105802,0.0,0.05901116427432217,0.020569620253164556,0.0,0.04227642276422764,0.11282051282051282,0.046822742474916385,0.10613598673300166,0.001557632398753894,0.0015479876160990713,0.036585365853658534,0.041254125412541254,0.003236245954692557,0.06643356643356643,0.0033333333333333335,0.08278145695364239,0.020905923344947737,0.020602218700475437,0.0016750418760469012,0.07321131447587355,0.07532051282051282,0.04020100502512563,0.11201298701298701,0.0015290519877675841,0.06430868167202572,0.003205128205128205,0.034653465346534656,0.04983922829581994,0.0031007751937984496,0.0,0.04817275747508306,0.058823529411764705,0.11419753086419752,0.045307443365695796,0.045234248788368334,0.006472491909385114,0.0,0.0,0.04411764705882353,0.054878048780487805,0.0016750418760469012,0.01726844583987441,0.15645161290322582,0.006779661016949152,0.0109717868338558,0.0015748031496062992,0.07606973058637084,0.005119453924914676,0.011023622047244094,0.009983361064891847,0.0,0.04384485666104553,0.08108108108108109,0.11908646003262642,0.050473186119873815,0.003257328990228013,0.07413509060955518,0.0847723704866562,0.11631663974151858,0.0,0.0,0.0015873015873015873,0.001644736842105263,0.08562197092084006,0.02066772655007949,0.0015822784810126582,0.0016638935108153079,0.050793650793650794,0.030844155844155844,0.05228758169934641,0.009852216748768473,0.034013605442176874,0.01468189233278956,0.10273972602739725,0.08832807570977919,0.0128,0.0746031746031746,0.07668231611893583,0.0944,0.05351170568561873,0.012345679012345678,0.1178343949044586,0.0,0.1488,0.18387096774193548,0.11916264090177134,0.04617834394904458,0.006535947712418301,0.0630048465266559,0.17160686427457097,0.03179650238473768,0.0016129032258064516,0.044481054365733116,0.09061488673139159,0.07668231611893583,0.012987012987012988,0.0033500837520938024,0.09075907590759076,0.004491017964071856,0.03553299492385787,0.003257328990228013,0.0016474464579901153,0.13220338983050847,0.11423841059602649,0.0016806722689075631,0.10301109350237718,0.09827586206896552,0.021172638436482084,0.04186795491143317,0.0644122383252818,0.004694835680751174,0.06776859504132231,0.0945273631840796,0.046012269938650305,0.0016207455429497568,0.023734177215189875,0.08292682926829269,0.008319467554076539,0.0706713780918728,0.04383116883116883,0.07836990595611286,0.02138157894736842,0.0,0.06372549019607843,0.07846410684474124,0.0,0.0016129032258064516,0.0,0.03145695364238411,0.011725293132328308,0.0530421216848674,0.04560260586319218,0.04885496183206107,0.003367003367003367,0.008319467554076539,0.006756756756756757,0.0,0.003134796238244514,0.08085808580858085,0.09417808219178082,0.0033444816053511705,0.10047095761381476,0.001658374792703151,0.052202283849918436,0.02195945945945946,0.03206106870229008,0.12365591397849462,0.0030721966205837174,0.015734265734265736,0.01607717041800643,0.16920731707317074,0.005084745762711864,0.0016,0.08631921824104234,0.16831683168316833,0.0859504132231405,0.011494252873563218,0.0,0.004966887417218543,0.017889087656529516,0.11234177215189874,0.06700167504187604,0.0015527950310559005,0.046849757673667204,0.06791171477079797,0.010033444816053512,0.10806174957118353,0.04047217537942664,0.14166666666666666,0.07807308970099668,0.026687598116169546,0.0,0.0,0.0
2000,1,9,prevalence,0.0336,0.028286189683860232,0.0,0.03184713375796178,0.0016051364365971107,0.0,0.03003003003003003,0.027868852459016394,0.00338409475465313,0.07026143790849673,0.048465266558966075,0.07655502392344497,0.045234248788368334,0.0218408736349454,0.0384,0.07590759075907591,0.031545741324921134,0.1712538226299694,0.049403747870528106,0.0,0.0935374149659864,0.04318936877076412,0.13322091062394603,0.0196078431372549,0.0016750418760469012,0.008333333333333333,0.0,0.023923444976076555,0.012618296529968454,0.0,0.03908794788273615,0.12347826086956522,0.05732484076433121,0.10509031198686371,0.001557632398753894,0.0031545741324921135,0.04230118443316413,0.03915171288743882,0.0016339869281045752,0.11663807890222985,0.0032102728731942215,0.056856187290969896,0.01020408163265306,0.026729559748427674,0.0016501650165016502,0.06109324758842444,0.06299212598425197,0.04280821917808219,0.1421647819063005,0.0015698587127158557,0.07596899224806201,0.001589825119236884,0.03896103896103896,0.06507936507936508,0.0015822784810126582,0.0,0.04201680672268908,0.06074766355140187,0.11232449297971919,0.057722308892355696,0.049342105263157895,0.014354066985645933,0.0,0.0,0.04926108374384237,0.09076923076923077,0.0,0.014950166112956811,0.12155591572123177,0.005008347245409015,0.009316770186335404,0.004862236628849271,0.07154213036565978,0.005084745762711864,0.009478672985781991,0.01468189233278956,0.0,0.04590163934426229,0.10603588907014681,0.13225806451612904,0.07401574803149606,0.006644518272425249,0.09461663947797716,0.09545454545454546,0.14451827242524917,0.0,0.0,0.0015822784810126582,0.0016750418760469012,0.1,0.01524390243902439,0.0,0.001694915254237288,0.03387096774193549,0.04227642276422764,0.07317073170731707,0.019966722129783693,0.05405405405405406,0.014900662251655629,0.15817223198594024,0.09175738724727839,0.008,0.046801872074883,0.088,0.06807131280388978,0.12307692307692308,0.019938650306748466,0.09713375796178345,0.0,0.13924050632911392,0.189873417721519,0.12762520193861066,0.05714285714285714,0.006369426751592357,0.04854368932038835,0.16897081413210446,0.040498442367601244,0.003316749585406302,0.07475083056478406,0.10430463576158941,0.12063492063492064,0.01669449081803005,0.0033333333333333335,0.06,0.0031201248049922,0.04599659284497445,0.0033277870216306157,0.0032679738562091504,0.11054421768707483,0.08862876254180602,0.0016501650165016502,0.10294117647058823,0.0989399293286219,0.0256,0.04361873990306947,0.04617834394904458,0.006201550387596899,0.04918032786885246,0.10613598673300166,0.05952380952380952,0.004878048780487805,0.028985507246376812,0.11584327086882454,0.00847457627118644,0.06993006993006994,0.04361873990306947,0.0625,0.028145695364238412,0.0,0.07371794871794872,0.08762886597938144,0.0,0.0048,0.0,0.02689075630252101,0.018272425249169437,0.061611374407582936,0.046031746031746035,0.05238828967642527,0.003418803418803419,0.010273972602739725,0.005119453924914676,0.0,0.0015822784810126582,0.10526315789473684,0.14666666666666667,0.0016366612111292963,0.10403726708074534,0.0,0.045307443365695796,0.024734982332155476,0.024539877300613498,0.1095890410958904,0.0015290519877675841,0.007246376811594203,0.01721170395869191,0.12305295950155763,0.0,0.0016420361247947454,0.12460063897763578,0.19902120717781402,0.09807073954983923,0.009771986970684038,0.0,0.006711409395973154,0.01773049645390071,0.11345218800648298,0.05040650406504065,0.001584786053882726,0.057692307692307696,0.06587837837837837,0.020168067226890758,0.1345514950166113,0.049099836333878884,0.1553398058252427,0.08896210873146623,0.03605015673981191,0.0,0.0,0.0
2001,1,9,prevalence,0.038461538461538464,0.02058319039451115,0.0016233766233766235,0.033386327503974564,0.0015360983102918587,0.0,0.031203566121842496,0.024154589371980676,0.0,0.06796116504854369,0.027419354838709678,0.08675078864353312,0.04,0.03827751196172249,0.04213938411669368,0.07653910149750416,0.025806451612903226,0.1398176291793313,0.05460750853242321,0.0,0.09044368600682594,0.032590051457975985,0.12191103789126853,0.01800327332242226,0.0016556291390728477,0.008264462809917356,0.0,0.03205128205128205,0.01288244766505636,0.0,0.0336,0.08854166666666667,0.0529595015576324,0.10214168039538715,0.004739336492890996,0.00315955766192733,0.05601317957166392,0.07166666666666667,0.003284072249589491,0.17736486486486486,0.003169572107765452,0.07742998352553541,0.005272407732864675,0.03508771929824561,0.00322061191626409,0.05958132045088567,0.07936507936507936,0.029159519725557463,0.1938610662358643,0.0,0.06677018633540373,0.0,0.04133545310015898,0.07653910149750416,0.001639344262295082,0.0,0.01864406779661017,0.06539074960127592,0.10832025117739404,0.05846153846153846,0.028346456692913385,0.0065040650406504065,0.0,0.0,0.049099836333878884,0.10403726708074534,0.0049504950495049506,0.005008347245409015,0.09935897435897435,0.0065040650406504065,0.006172839506172839,0.013071895424836602,0.045813586097946286,0.005016722408026756,0.00625,0.011475409836065573,0.0,0.04792332268370607,0.12026359143327842,0.1118421052631579,0.08557844690966719,0.006589785831960461,0.1079734219269103,0.08527131782945736,0.11694915254237288,0.0,0.0,0.0016,0.001669449081803005,0.11363636363636363,0.0273972602739726,0.0,0.0,0.027070063694267517,0.046474358974358976,0.10696920583468396,0.030456852791878174,0.06412478336221837,0.014827018121911038,0.20272572402044292,0.07413249211356467,0.008130081300813009,0.06201550387596899,0.08571428571428572,0.10569105691056911,0.1457975986277873,0.02391629297458894,0.09250398724082935,0.0,0.08176100628930817,0.13615023474178403,0.12845528455284552,0.05128205128205128,0.004761904761904762,0.03194888178913738,0.15015479876160992,0.04945904173106646,0.0032733224222585926,0.0946843853820598,0.14991762767710048,0.1320450885668277,0.00859106529209622,0.0033444816053511705,0.045234248788368334,0.003110419906687403,0.029850746268656716,0.0034602076124567475,0.0016207455429497568,0.07833333333333334,0.10756302521008404,0.0016638935108153079,0.05901116427432217,0.0913978494623656,0.03015873015873016,0.04146730462519936,0.05388272583201268,0.01687116564417178,0.048252911813643926,0.10967741935483871,0.04626865671641791,0.0050335570469798654,0.017770597738287562,0.0945945945945946,0.013651877133105802,0.06980802792321117,0.04051863857374392,0.061823802163833076,0.03770491803278689,0.0,0.05834683954619125,0.09983361064891846,0.0,0.001579778830963665,0.0,0.027777777777777776,0.023333333333333334,0.055105348460291734,0.04430379746835443,0.050955414012738856,0.010238907849829351,0.02003338898163606,0.0034129692832764505,0.0,0.0015748031496062992,0.09726962457337884,0.16415410385259632,0.0,0.09682539682539683,0.0,0.04807692307692308,0.020761245674740483,0.027314112291350532,0.1013745704467354,0.0,0.010968921389396709,0.02,0.11801242236024845,0.0,0.0,0.18790849673202614,0.1761827079934747,0.12357723577235773,0.004934210526315789,0.0,0.008012820512820512,0.026041666666666668,0.1237785016286645,0.02527646129541864,0.0016313213703099511,0.05090311986863711,0.07462686567164178,0.028052805280528052,0.11608623548922056,0.08842443729903537,0.12012987012987013,0.07973421926910298,0.03296703296703297,0.001589825119236884,0.0,0.0016233766233766235
2002,1,9,prevalence,0.03685897435897436,0.015332197614991482,0.0016233766233766235,0.02527646129541864,0.0015479876160990713,0.0,0.049132947976878616,0.034482758620689655,0.0,0.07679738562091504,0.0196078431372549,0.09090909090909091,0.05152979066022544,0.041401273885350316,0.05573248407643312,0.08739495798319327,0.01340033500837521,0.11556240369799692,0.05254237288135593,0.0,0.08741258741258741,0.020618556701030927,0.14144736842105263,0.0210016155088853,0.0016501650165016502,0.0096,0.0015552099533437014,0.013029315960912053,0.024077046548956663,0.0,0.041990668740279936,0.10829103214890017,0.03464566929133858,0.08207705192629816,0.0015267175572519084,0.003278688524590164,0.05930807248764415,0.06754530477759473,0.003278688524590164,0.21891418563922943,0.003076923076923077,0.09733124018838304,0.003527336860670194,0.052050473186119876,0.003189792663476874,0.0704,0.09161490683229814,0.0423728813559322,0.17207792207792208,0.0,0.07981220657276995,0.0,0.041990668740279936,0.06551724137931035,0.0,0.0,0.019966722129783693,0.06270096463022508,0.16286644951140064,0.06717557251908397,0.024806201550387597,0.004777070063694267,0.0,0.001597444089456869,0.06570512820512821,0.13694267515923567,0.001639344262295082,0.010186757215619695,0.08469055374592833,0.004991680532445923,0.011182108626198083,0.012759170653907496,0.0384,0.0032258064516129032,0.006211180124223602,0.011182108626198083,0.0,0.04715447154471545,0.07413509060955518,0.115,0.09076433121019108,0.004878048780487805,0.1407528641571195,0.09494640122511486,0.1404109589041096,0.0,0.0,0.0015698587127158557,0.0,0.11940298507462686,0.07418856259659969,0.0016286644951140066,0.0,0.041050903119868636,0.04213938411669368,0.125,0.018333333333333333,0.09395973154362416,0.008460236886632826,0.24825174825174826,0.05405405405405406,0.013513513513513514,0.05359877488514548,0.09813084112149532,0.08038585209003216,0.1891891891891892,0.024205748865355523,0.09335443037974683,0.0,0.08837209302325581,0.09711684370257967,0.16267942583732056,0.05672609400324149,0.0031645569620253164,0.03230769230769231,0.15552099533437014,0.050381679389312976,0.0032102728731942215,0.105,0.22039473684210525,0.1527331189710611,0.0034782608695652175,0.0016722408026755853,0.03940886699507389,0.0015822784810126582,0.05335628227194492,0.0033500837520938024,0.0016286644951140066,0.08139534883720931,0.1314878892733564,0.001658374792703151,0.039735099337748346,0.08021390374331551,0.026438569206842923,0.03414634146341464,0.04617834394904458,0.012461059190031152,0.05360134003350084,0.11374407582938388,0.04341534008683068,0.006791171477079796,0.01615508885298869,0.06913996627318718,0.006622516556291391,0.05291005291005291,0.041390728476821195,0.05984251968503937,0.03523489932885906,0.0033500837520938024,0.08760330578512397,0.08441558441558442,0.0031545741324921135,0.0,0.0016778523489932886,0.046251993620414676,0.016611295681063124,0.040783034257748776,0.04784688995215311,0.04361873990306947,0.013445378151260505,0.02127659574468085,0.0033333333333333335,0.0,0.0016260162601626016,0.0924092409240924,0.1454248366013072,0.0,0.07790143084260731,0.0,0.03955696202531646,0.017064846416382253,0.017054263565891473,0.07993197278911565,0.0,0.012915129151291513,0.023890784982935155,0.09216589861751152,0.0016339869281045752,0.0016474464579901153,0.22258064516129034,0.16908212560386474,0.1610305958132045,0.009884678747940691,0.0,0.0032258064516129032,0.023890784982935155,0.11237785016286644,0.024429967426710098,0.0,0.02773246329526917,0.07781456953642384,0.029079159935379646,0.08388157894736842,0.12096774193548387,0.08752025931928688,0.08415841584158416,0.03425774877650897,0.001594896331738437,0.0,0.0
2003,1,9,prevalence,0.03481012658227848,0.022375215146299483,0.0016233766233766235,0.02073365231259968,0.0016474464579901153,0.0,0.05680119581464873,0.03770491803278689,0.0,0.0754414125200642,0.02809917355371901,0.06210191082802548,0.04560260586319218,0.043973941368078175,0.06210191082802548,0.10909090909090909,0.009884678747940691,0.10172143974960876,0.06732348111658457,0.0,0.09700176366843033,0.01592920353982301,0.18962722852512157,0.019704433497536946,0.0,0.006633499170812604,0.0015267175572519084,0.0304,0.02830188679245283,0.0,0.03560371517027864,0.09246575342465753,0.03761755485893417,0.059602649006622516,0.001564945226917058,0.001639344262295082,0.0673076923076923,0.06996587030716724,0.001658374792703151,0.23720136518771331,0.001557632398753894,0.10641627543035993,0.005119453924914676,0.04489164086687306,0.0032102728731942215,0.07987220447284345,0.11146496815286625,0.07979626485568761,0.1786833855799373,0.0,0.07413010590015129,0.0,0.04192546583850932,0.05102040816326531,0.0,0.0,0.02127659574468085,0.07317073170731707,0.12559618441971382,0.0832072617246596,0.026033690658499236,0.0015923566878980893,0.0,0.001584786053882726,0.0673076923076923,0.14513556618819776,0.005042016806722689,0.004991680532445923,0.08108108108108109,0.006557377049180328,0.01567398119122257,0.012738853503184714,0.04292527821939587,0.003246753246753247,0.00473186119873817,0.01740506329113924,0.0,0.05457463884430177,0.06688417618270799,0.11451612903225807,0.08253968253968254,0.004754358161648178,0.15448504983388706,0.11856474258970359,0.18543046357615894,0.0,0.0,0.003134796238244514,0.0,0.12520325203252033,0.0892018779342723,0.0016339869281045752,0.0,0.04262295081967213,0.03918495297805643,0.0932475884244373,0.018302828618968387,0.13114754098360656,0.010256410256410256,0.2700348432055749,0.05098684210526316,0.008305647840531562,0.07188498402555911,0.08828250401284109,0.06581059390048154,0.2086677367576244,0.045871559633027525,0.11181102362204724,0.0,0.06574923547400612,0.08018154311649017,0.1365079365079365,0.04597701149425287,0.0030349013657056147,0.05128205128205128,0.138801261829653,0.08689024390243902,0.00322061191626409,0.10869565217391304,0.22620904836193448,0.18124006359300476,0.0017241379310344827,0.0017006802721088435,0.05843071786310518,0.0031645569620253164,0.05217391304347826,0.003355704697986577,0.001579778830963665,0.08183306055646482,0.15280135823429541,0.0,0.03350083752093802,0.09859154929577464,0.035493827160493825,0.03225806451612903,0.06037151702786378,0.0091324200913242,0.07917383820998279,0.09951845906902086,0.027696793002915453,0.01192504258943782,0.012861736334405145,0.06814310051107325,0.001644736842105263,0.04081632653061224,0.05081967213114754,0.0576,0.021346469622331693,0.00338409475465313,0.16693944353518822,0.08239095315024232,0.0030959752321981426,0.0061633281972265025,0.001658374792703151,0.05144694533762058,0.024549918166939442,0.04918032786885246,0.044585987261146494,0.054365733113673806,0.013266998341625208,0.018272425249169437,0.0016750418760469012,0.0,0.0016420361247947454,0.09313725490196079,0.16501650165016502,0.0017271157167530224,0.04032258064516129,0.0,0.0330188679245283,0.024671052631578948,0.024844720496894408,0.07744107744107744,0.0,0.01486988847583643,0.03430531732418525,0.10185185185185185,0.008143322475570033,0.0016722408026755853,0.19736842105263158,0.16097560975609757,0.18799368088467613,0.008156606851549755,0.0,0.006369426751592357,0.017271157167530225,0.13122923588039867,0.01800327332242226,0.001658374792703151,0.01990049751243781,0.07096774193548387,0.029079159935379646,0.07269789983844911,0.18849840255591055,0.047619047619047616,0.07266982622432859,0.03739837398373984,0.0,0.0,0.0
2004,1,9,prevalence,0.0782472613458529,0.03559870550161812,0.0016313213703099511,0.018518518518518517,0.0016501650165016502,0.0,0.04552352048558422,0.047058823529411764,0.0017035775127768314,0.08542713567839195,0.04975124378109453,0.06289308176100629,0.07107438016528926,0.052805280528052806,0.05672609400324149,0.08952702702702703,0.0048543689320388345,0.08372827804107424,0.06414473684210527,0.0,0.0782608695652174,0.017094017094017096,0.17045454545454544,0.026490066225165563,0.0016207455429497568,0.008319467554076539,0.007451564828614009,0.03482587064676617,0.024154589371980676,0.0,0.0397456279809221,0.0632688927943761,0.04186046511627907,0.04713804713804714,0.012066365007541479,0.001644736842105263,0.0732484076433121,0.06722689075630252,0.0,0.18664383561643835,0.0015772870662460567,0.08087091757387248,0.01011804384485666,0.03201219512195122,0.0,0.09508716323296355,0.1073170731707317,0.08080808080808081,0.1864951768488746,0.0,0.06626506024096386,0.0,0.025396825396825397,0.05813953488372093,0.0,0.0,0.013266998341625208,0.07425742574257425,0.11217948717948718,0.08649468892261002,0.021865889212827987,0.0016051364365971107,0.0015625,0.0,0.05087440381558029,0.1,0.004885993485342019,0.011475409836065573,0.05144694533762058,0.006578947368421052,0.012779552715654952,0.011058451816745656,0.0358814352574103,0.006546644844517185,0.006389776357827476,0.02857142857142857,0.0,0.09609120521172639,0.06260296540362438,0.09816971713810316,0.1111111111111111,0.004672897196261682,0.13029315960912052,0.1111111111111111,0.14942528735632185,0.0,0.0,0.0032,0.0016313213703099511,0.11961722488038277,0.13622291021671826,0.001697792869269949,0.0,0.04597701149425287,0.04071661237785016,0.08399366085578447,0.023214285714285715,0.0898876404494382,0.01487603305785124,0.185,0.07809847198641766,0.008264462809917356,0.06199021207177814,0.10620915032679738,0.05466237942122187,0.22131147540983606,0.044753086419753084,0.16246056782334384,0.0,0.0656,0.041474654377880185,0.1056,0.030944625407166124,0.0014970059880239522,0.0512,0.11348684210526316,0.109717868338558,0.0016155088852988692,0.0957983193277311,0.20556414219474498,0.21875,0.006734006734006734,0.0016778523489932886,0.06732348111658457,0.0015600624024961,0.05536332179930796,0.0016638935108153079,0.0016051364365971107,0.0701468189233279,0.14310051107325383,0.0,0.0436241610738255,0.10243055555555555,0.04945904173106646,0.030497592295345103,0.06870229007633588,0.007564296520423601,0.04965753424657534,0.0694006309148265,0.02666666666666667,0.00859106529209622,0.022950819672131147,0.0732899022801303,0.0031847133757961785,0.04948805460750853,0.04597701149425287,0.05362776025236593,0.02040816326530612,0.0033277870216306157,0.173109243697479,0.07643312101910828,0.0,0.007874015748031496,0.0032258064516129032,0.04285714285714286,0.0416,0.07516339869281045,0.04567699836867863,0.08524590163934426,0.010135135135135136,0.00487012987012987,0.0016207455429497568,0.0,0.0047694753577106515,0.12929623567921442,0.15421303656597773,0.005050505050505051,0.027552674230145867,0.0,0.0192,0.05555555555555555,0.04141104294478527,0.07512520868113523,0.0,0.0072992700729927005,0.02512562814070352,0.1015625,0.009523809523809525,0.003305785123966942,0.17627677100494235,0.1396103896103896,0.21518987341772153,0.011513157894736841,0.0,0.007874015748031496,0.01721170395869191,0.14354066985645933,0.016666666666666666,0.0,0.016474464579901153,0.06299212598425197,0.030206677265500796,0.0762987012987013,0.266025641025641,0.04187604690117253,0.037037037037037035,0.044189852700491,0.0,0.0,0.001652892561983471
2005,1,9,prevalence,0.1271860095389507,0.03924646781789639,0.0016155088852988692,0.00782472613458529,0.003194888178913738,0.0,0.029921259842519685,0.036243822075782535,0.0016750418760469012,0.09595959595959595,0.1043338683788122,0.075,0.04769475357710652,0.0587248322147651,0.0641025641025641,0.057947019867549666,0.011254019292604502,0.06924315619967794,0.029459901800327332,0.0,0.10344827586206896,0.02975206611570248,0.12361331220285261,0.024875621890547265,0.0,0.01487603305785124,0.0015479876160990713,0.04213938411669368,0.0192,0.0015220700152207,0.03943217665615142,0.06735751295336788,0.0282574568288854,0.041666666666666664,0.015174506828528073,0.0016474464579901153,0.07608695652173914,0.06689536878216124,0.0016181229773462784,0.19801980198019803,0.0015748031496062992,0.090625,0.006700167504187605,0.03755868544600939,0.0,0.0696594427244582,0.12459016393442623,0.09747899159663866,0.179080824088748,0.0,0.06656346749226007,0.0,0.02768729641693811,0.047058823529411764,0.0,0.0,0.024350649350649352,0.051580698835274545,0.10264900662251655,0.0867579908675799,0.022222222222222223,0.006472491909385114,0.0015527950310559005,0.0,0.051696284329563816,0.08012820512820513,0.0065252854812398045,0.011945392491467578,0.04723127035830619,0.009819967266775777,0.014195583596214511,0.011235955056179775,0.04938271604938271,0.004893964110929853,0.009345794392523364,0.009419152276295133,0.0064516129032258064,0.13122923588039867,0.06026058631921824,0.1116751269035533,0.0864,0.004830917874396135,0.12944983818770225,0.11538461538461539,0.14729950900163666,0.0,0.00487012987012987,0.001597444089456869,0.011764705882352941,0.15048543689320387,0.17262830482115085,0.003355704697986577,0.0,0.09949409780775717,0.035483870967741936,0.060755336617405585,0.03008849557522124,0.13278688524590163,0.009584664536741214,0.15548281505728315,0.06960950764006792,0.003284072249589491,0.044657097288676235,0.11219512195121951,0.04889589905362776,0.1447587354409318,0.03803486529318542,0.22325581395348837,0.0,0.06376360808709176,0.030257186081694403,0.10628019323671498,0.017741935483870968,0.0014925373134328358,0.0512,0.1254071661237785,0.10077519379844961,0.001607717041800643,0.06611570247933884,0.16257668711656442,0.21630615640599002,0.004942339373970346,0.0,0.04411764705882353,0.0015723270440251573,0.041811846689895474,0.0016556291390728477,0.0015873015873015873,0.06040268456375839,0.08695652173913043,0.0,0.05098684210526316,0.0859106529209622,0.0375,0.025974025974025976,0.05817610062893082,0.0029717682020802376,0.07178631051752922,0.07348242811501597,0.04633781763826607,0.0034071550255536627,0.034653465346534656,0.09554140127388536,0.009708737864077669,0.03035413153456998,0.04582651391162029,0.0512,0.0220125786163522,0.0015923566878980893,0.1864406779661017,0.06369426751592357,0.0,0.013179571663920923,0.001579778830963665,0.031545741324921134,0.012759170653907496,0.057233704292527825,0.05501618122977346,0.10634920634920635,0.0049504950495049506,0.003246753246753247,0.001610305958132045,0.0016501650165016502,0.004838709677419355,0.12769485903814262,0.14802631578947367,0.0,0.05263157894736842,0.0,0.019736842105263157,0.050505050505050504,0.0423861852433281,0.08667736757624397,0.0,0.007042253521126761,0.021848739495798318,0.08936825885978428,0.007936507936507936,0.0032948929159802307,0.13858267716535433,0.12026359143327842,0.23937007874015748,0.016420361247947456,0.0,0.020537124802527645,0.017361111111111112,0.10987261146496816,0.01948051948051948,0.0,0.0327613104524181,0.084375,0.048,0.0853462157809984,0.33024691358024694,0.02711864406779661,0.028616852146263912,0.0593900481540931,0.0,0.0,0.0033003300330033004
2006,1,9,prevalence,0.1546707503828484,0.0330188679245283,0.0015479876160990713,0.0121765601217656,0.0015873015873015873,0.0,0.021103896103896104,0.04054054054054054,0.0016891891891891893,0.06354515050167224,0.17973856209150327,0.08626198083067092,0.03565640194489465,0.07401315789473684,0.07389937106918239,0.04145936981757877,0.016025641025641024,0.0756578947368421,0.02671118530884808,0.0015432098765432098,0.09764309764309764,0.03079416531604538,0.09775641025641026,0.016474464579901153,0.0,0.015025041736227046,0.0015479876160990713,0.04361873990306947,0.011075949367088608,0.0015772870662460567,0.025,0.06942148760330578,0.036334913112164295,0.04406779661016949,0.0203125,0.0016638935108153079,0.08860759493670886,0.06802721088435375,0.0,0.19032258064516128,0.0015313935681470138,0.0754414125200642,0.00487012987012987,0.04100946372239748,0.0,0.07623318385650224,0.15460526315789475,0.10847457627118644,0.17304747320061256,0.0,0.053763440860215055,0.0015503875968992248,0.029508196721311476,0.05518394648829431,0.0,0.0,0.0304,0.0333889816360601,0.08466453674121406,0.1276595744680851,0.014814814814814815,0.00644122383252818,0.0016025641025641025,0.0,0.05354330708661417,0.07804878048780488,0.006289308176100629,0.011647254575707155,0.0467741935483871,0.008347245409015025,0.016051364365971106,0.014754098360655738,0.059190031152647975,0.0032733224222585926,0.012658227848101266,0.009523809523809525,0.011235955056179775,0.14169381107491857,0.07986688851913477,0.15206611570247933,0.06655844155844155,0.0031847133757961785,0.1180327868852459,0.14035087719298245,0.16722408026755853,0.0,0.004629629629629629,0.0,0.014950166112956811,0.2173228346456693,0.27358490566037735,0.0032626427406199023,0.00338409475465313,0.15755627009646303,0.043548387096774194,0.0781758957654723,0.012152777777777778,0.12091503267973856,0.007987220447284345,0.1260647359454855,0.08644067796610169,0.011570247933884297,0.05396825396825397,0.07679738562091504,0.027642276422764227,0.12179487179487179,0.030716723549488054,0.2418831168831169,0.0,0.04747320061255743,0.035398230088495575,0.09775641025641026,0.01461038961038961,0.0031007751937984496,0.053833605220228384,0.0959349593495935,0.0794912559618442,0.0,0.028286189683860232,0.1375579598145286,0.2413223140495868,0.00338409475465313,0.0,0.024154589371980676,0.0016129032258064516,0.03454231433506045,0.0016233766233766235,0.0,0.04,0.06957928802588997,0.0,0.09951845906902086,0.11186440677966102,0.03358778625954199,0.006269592476489028,0.06624605678233439,0.0015105740181268882,0.06228956228956229,0.052132701421800945,0.07098765432098765,0.0017301038062283738,0.03262642740619902,0.1192368839427663,0.012841091492776886,0.00980392156862745,0.03317535545023697,0.07109737248840804,0.02106969205834684,0.001597444089456869,0.16013628620102216,0.05727554179566564,0.0,0.021848739495798318,0.001610305958132045,0.03908794788273615,0.01228878648233487,0.03934426229508197,0.04878048780487805,0.12559618441971382,0.006745362563237774,0.010169491525423728,0.0,0.0015772870662460567,0.0,0.10819672131147541,0.13245033112582782,0.001639344262295082,0.0768,0.0,0.02003338898163606,0.0544,0.05069124423963134,0.08641975308641975,0.0,0.010221465076660987,0.01001669449081803,0.05417956656346749,0.025437201907790145,0.0016722408026755853,0.14421553090332806,0.1353637901861252,0.1895734597156398,0.012944983818770227,0.0,0.0218408736349454,0.007017543859649123,0.0889967637540453,0.011345218800648298,0.0016366612111292963,0.018957345971563982,0.1271860095389507,0.04538087520259319,0.088,0.28164556962025317,0.029654036243822075,0.05246422893481717,0.03678929765886288,0.0,0.0,0.003215434083601286
2007,1,9,prevalence,0.18798151001540833,0.04326123128119801,0.0015267175572519084,0.021638330757341576,0.001607717041800643,0.0,0.01669449081803005,0.038834951456310676,0.001644736842105263,0.06313993174061433,0.25412541254125415,0.06951026856240126,0.022617124394184167,0.11396468699839486,0.06929133858267716,0.02218430034129693,0.006546644844517185,0.09193548387096774,0.01779935275080906,0.0031545741324921135,0.07876712328767123,0.03403565640194489,0.08609271523178808,0.0049586776859504135,0.0,0.01631321370309951,0.006042296072507553,0.05221518987341772,0.02821316614420063,0.0,0.018808777429467086,0.10301109350237718,0.03697749196141479,0.02910958904109589,0.03453689167974882,0.005084745762711864,0.0944,0.08858603066439523,0.003194888178913738,0.13570274636510501,0.0014684287812041115,0.06741573033707865,0.003289473684210526,0.02922077922077922,0.0,0.0891238670694864,0.17326732673267325,0.10491803278688525,0.15045592705167174,0.0,0.049689440993788817,0.003105590062111801,0.027960526315789474,0.05067567567567568,0.0,0.0,0.016,0.055267702936096716,0.06807131280388978,0.13043478260869565,0.016516516516516516,0.003205128205128205,0.01669449081803005,0.0,0.03896103896103896,0.0746031746031746,0.011128775834658187,0.01870748299319728,0.019261637239165328,0.0049586776859504135,0.01468189233278956,0.017828200972447326,0.03343949044585987,0.001594896331738437,0.009448818897637795,0.006339144215530904,0.011093502377179081,0.15577889447236182,0.07131011608623548,0.13268608414239483,0.04567699836867863,0.0031645569620253164,0.11129296235679215,0.13247172859450726,0.18864774624373956,0.0,0.0043859649122807015,0.0,0.014975041597337771,0.20317460317460317,0.24077046548956663,0.0032,0.016778523489932886,0.1596774193548387,0.057692307692307696,0.0743801652892562,0.02329450915141431,0.09771986970684039,0.007874015748031496,0.08665511265164645,0.09764309764309764,0.013769363166953529,0.06436420722135008,0.06962025316455696,0.029079159935379646,0.14729950900163666,0.04421768707482993,0.2480252764612954,0.0,0.06200317965023847,0.024926686217008796,0.09615384615384616,0.012903225806451613,0.006279434850863423,0.05546492659053834,0.08892617449664429,0.09640522875816994,0.0,0.030560271646859084,0.10142630744849446,0.24592833876221498,0.01192504258943782,0.0,0.03622047244094488,0.001644736842105263,0.053726169844020795,0.001567398119122257,0.0,0.04662379421221865,0.05040650406504065,0.0016286644951140066,0.1779935275080906,0.09437086092715231,0.03426791277258567,0.0015698587127158557,0.05357142857142857,0.0015015015015015015,0.08754208754208755,0.0784,0.06697819314641744,0.0017064846416382253,0.054009819967266774,0.11974110032362459,0.013114754098360656,0.0032948929159802307,0.028125,0.10248447204968944,0.014106583072100314,0.001594896331738437,0.2189655172413793,0.07436708860759493,0.0,0.019801980198019802,0.0016051364365971107,0.047697368421052634,0.0203125,0.029950083194675542,0.041666666666666664,0.12698412698412698,0.003372681281618887,0.008375209380234505,0.0,0.0,0.0,0.07389162561576355,0.11276948590381426,0.001644736842105263,0.12698412698412698,0.0,0.022146507666098807,0.05409582689335394,0.04866562009419152,0.07389937106918239,0.0,0.017006802721088437,0.01615508885298869,0.04739336492890995,0.026984126984126985,0.0033222591362126247,0.13343799058084774,0.135,0.13322884012539185,0.008090614886731391,0.0,0.02157164869029276,0.008726003490401396,0.06568144499178982,0.016233766233766232,0.0016638935108153079,0.016051364365971106,0.08809135399673736,0.036334913112164295,0.07017543859649122,0.21630094043887146,0.04006677796327212,0.06825396825396825,0.024271844660194174,0.0016260162601626016,0.0,0.0015822784810126582
2008,1,9,prevalence,0.20310077519379846,0.05008347245409015,0.0,0.03296703296703297,0.0,0.0,0.01854974704890388,0.037337662337662336,0.0016420361247947454,0.11272141706924316,0.2605177993527508,0.07177033492822966,0.0220125786163522,0.1035031847133758,0.08031496062992126,0.012944983818770227,0.016181229773462782,0.10702875399361023,0.014754098360655738,0.003169572107765452,0.09208400646203554,0.02773246329526917,0.06896551724137931,0.006745362563237774,0.0,0.027960526315789474,0.01393188854489164,0.04430379746835443,0.025157232704402517,0.0,0.013761467889908258,0.10883280757097792,0.050933786078098474,0.03945111492281304,0.02857142857142857,0.005145797598627788,0.10810810810810811,0.08019639934533551,0.0032414910858995136,0.14421553090332806,0.0,0.07692307692307693,0.003169572107765452,0.030694668820678513,0.0,0.08882521489971347,0.18181818181818182,0.0736,0.1784037558685446,0.0,0.055900621118012424,0.0047169811320754715,0.0176,0.041254125412541254,0.0,0.0016313213703099511,0.00975609756097561,0.08098591549295775,0.05921052631578947,0.19284603421461896,0.0182648401826484,0.003289473684210526,0.023809523809523808,0.0,0.05211726384364821,0.06901840490797546,0.015772870662460567,0.025295109612141653,0.04326923076923077,0.008077544426494346,0.004966887417218543,0.01631321370309951,0.019639934533551555,0.001597444089456869,0.0297339593114241,0.004694835680751174,0.006269592476489028,0.1498371335504886,0.07588532883642496,0.11986863711001643,0.02823920265780731,0.0030911901081916537,0.10180623973727422,0.1477832512315271,0.18518518518518517,0.0016260162601626016,0.010606060606060607,0.0,0.011589403973509934,0.16828478964401294,0.2369281045751634,0.004777070063694267,0.011647254575707155,0.15676567656765678,0.0627062706270627,0.0594059405940594,0.006700167504187605,0.07479674796747968,0.020123839009287926,0.06429780033840947,0.1076923076923077,0.023450586264656615,0.06190476190476191,0.06869009584664537,0.0180623973727422,0.13050570962479607,0.05396290050590219,0.28019323671497587,0.0,0.04715447154471545,0.02631578947368421,0.06339144215530904,0.01468189233278956,0.009569377990430622,0.052884615384615384,0.10120068610634649,0.08766233766233766,0.0,0.028428093645484948,0.08892355694227769,0.2282958199356913,0.020442930153321975,0.0,0.048589341692789965,0.0016501650165016502,0.07167235494880546,0.008130081300813009,0.0,0.04180064308681672,0.05065359477124183,0.0016207455429497568,0.22762951334379905,0.08552631578947369,0.02511773940345369,0.003134796238244514,0.0425531914893617,0.0030911901081916537,0.0865874363327674,0.07814992025518341,0.041033434650455926,0.0016501650165016502,0.05823627287853577,0.07281553398058252,0.01644736842105263,0.003257328990228013,0.024427480916030534,0.10810810810810811,0.022222222222222223,0.0015822784810126582,0.24090121317157712,0.05084745762711865,0.0,0.024549918166939442,0.0032679738562091504,0.02384737678855326,0.022658610271903322,0.011666666666666667,0.036303630363036306,0.12101910828025478,0.0016835016835016834,0.006578947368421052,0.001607717041800643,0.0015455950540958269,0.0,0.06622516556291391,0.10517799352750809,0.0,0.1568627450980392,0.0,0.022146507666098807,0.041990668740279936,0.056074766355140186,0.06505295007564296,0.0,0.00686106346483705,0.01765650080256822,0.046104928457869634,0.0272,0.001718213058419244,0.12887438825448613,0.13109243697478992,0.1008,0.0112,0.0,0.0228310502283105,0.010273972602739725,0.043697478991596636,0.014492753623188406,0.001669449081803005,0.017684887459807074,0.11437908496732026,0.05787781350482315,0.06270096463022508,0.1646153846153846,0.03820598006644518,0.10227272727272728,0.011345218800648298,0.001692047377326565,0.0,0.0
2009,1,9,prevalence,0.20545746388443017,0.0421875,0.0015923566878980893,0.030744336569579287,0.0,0.0017241379310344827,0.022608695652173914,0.024671052631578948,0.0032310177705977385,0.06359300476947535,0.2220472440944882,0.09162717219589257,0.03286384976525822,0.0888529886914378,0.07028753993610223,0.00819672131147541,0.017684887459807074,0.11075949367088607,0.0112,0.0,0.07886435331230283,0.03937007874015748,0.10517799352750809,0.013245033112582781,0.0048,0.015100671140939598,0.014218009478672985,0.030015797788309637,0.017488076311605722,0.001579778830963665,0.0109717868338558,0.09259259259259259,0.06462585034013606,0.03747870528109029,0.0265210608424337,0.005025125628140704,0.1291390728476821,0.09547738693467336,0.00631911532385466,0.11392405063291139,0.0,0.06188925081433225,0.003194888178913738,0.021172638436482084,0.0,0.058823529411764705,0.16750418760469013,0.06885758998435054,0.15160796324655437,0.0015408320493066256,0.0243161094224924,0.004754358161648178,0.01631321370309951,0.03678929765886288,0.0,0.0016233766233766235,0.012678288431061807,0.04852686308492201,0.0423861852433281,0.1892744479495268,0.0377643504531722,0.004909983633387889,0.011666666666666667,0.0,0.03260869565217391,0.07196401799100449,0.012861736334405145,0.019672131147540985,0.027960526315789474,0.0176,0.005008347245409015,0.01957585644371941,0.011254019292604502,0.0,0.03129890453834116,0.0032733224222585926,0.0030257186081694403,0.1461794019933555,0.0823327615780446,0.10891089108910891,0.027303754266211604,0.003048780487804878,0.07741935483870968,0.19218241042345277,0.15397350993377484,0.012698412698412698,0.007739938080495356,0.0,0.02527646129541864,0.10491803278688525,0.20741989881956155,0.004878048780487805,0.011456628477905073,0.13584288052373159,0.044407894736842105,0.07792207792207792,0.0032948929159802307,0.05149501661129568,0.013888888888888888,0.03559322033898305,0.08916083916083917,0.022071307300509338,0.07890499194847021,0.06891025641025642,0.014285714285714285,0.07592891760904685,0.059130434782608696,0.2662337662337662,0.0015723270440251573,0.03482587064676617,0.02127659574468085,0.06677265500794913,0.012658227848101266,0.00794912559618442,0.025974025974025976,0.09217391304347826,0.10355987055016182,0.0,0.036605657237936774,0.09904153354632587,0.152,0.03595890410958904,0.0,0.06317411402157165,0.0016313213703099511,0.06440677966101695,0.011272141706924315,0.0016155088852988692,0.04376012965964344,0.05454545454545454,0.0016051364365971107,0.3452566096423017,0.06320907617504051,0.014285714285714285,0.00794912559618442,0.04391891891891892,0.0015748031496062992,0.1264957264957265,0.08540372670807453,0.04024767801857585,0.0016556291390728477,0.04084967320261438,0.08087091757387248,0.026272577996715927,0.006472491909385114,0.018518518518518517,0.16018662519440124,0.01818181818181818,0.001610305958132045,0.20318021201413428,0.03333333333333333,0.0,0.031879194630872486,0.0032520325203252032,0.029079159935379646,0.02304147465437788,0.01910828025477707,0.018272425249169437,0.11774193548387096,0.0016806722689075631,0.011308562197092083,0.004784688995215311,0.0015873015873015873,0.0,0.08723747980613894,0.08731466227347612,0.0016339869281045752,0.0976,0.0033783783783783786,0.01864406779661017,0.03265940902021773,0.07221350078492936,0.05956112852664577,0.0,0.006611570247933884,0.01644736842105263,0.061806656101426306,0.03225806451612903,0.003355704697986577,0.1024390243902439,0.11437908496732026,0.05221518987341772,0.00794912559618442,0.001579778830963665,0.028831562974203338,0.013675213675213675,0.047244094488188976,0.020933977455716585,0.001658374792703151,0.026058631921824105,0.10294117647058823,0.05555555555555555,0.05414551607445008,0.13070866141732285,0.04948805460750853,0.08842443729903537,0.014563106796116505,0.0016286644951140066,0.0,0.0
2010,1,9,prevalence,0.18923327895595432,0.054773082942097026,0.001610305958132045,0.013029315960912053,0.0,0.0017123287671232876,0.025728987993138937,0.02586206896551724,0.004975124378109453,0.07704918032786885,0.19069767441860466,0.09253246753246754,0.04294478527607362,0.07186544342507645,0.05591054313099041,0.016666666666666666,0.0031847133757961785,0.10383386581469649,0.014469453376205787,0.0,0.06329113924050633,0.0421875,0.06379585326953748,0.01692047377326565,0.003284072249589491,0.015025041736227046,0.012578616352201259,0.02476780185758514,0.007692307692307693,0.0,0.018691588785046728,0.10248447204968944,0.057432432432432436,0.030874785591766724,0.020569620253164556,0.006802721088435374,0.08892617449664429,0.08205128205128205,0.014423076923076924,0.07255520504731862,0.0,0.04617834394904458,0.004792332268370607,0.019417475728155338,0.0,0.056129985228951254,0.1357615894039735,0.051643192488262914,0.1419656786271451,0.001524390243902439,0.017054263565891473,0.003169572107765452,0.013266998341625208,0.0387858347386172,0.0,0.0049504950495049506,0.02711323763955343,0.03436426116838488,0.03930817610062893,0.2035541195476575,0.036308623298033284,0.0065252854812398045,0.006578947368421052,0.0,0.03785488958990536,0.0517503805175038,0.020537124802527645,0.009724473257698542,0.021848739495798318,0.00964630225080386,0.006568144499178982,0.02,0.01584786053882726,0.0016313213703099511,0.04375,0.0016474464579901153,0.0015360983102918587,0.16086235489220563,0.061855670103092786,0.09740259740259741,0.010452961672473868,0.0030257186081694403,0.0672,0.21669341894060995,0.135,0.009478672985781991,0.0015479876160990713,0.0,0.034976152623211444,0.07060755336617405,0.15245901639344261,0.004754358161648178,0.016233766233766232,0.10576923076923077,0.02857142857142857,0.060556464811783964,0.0064,0.03361344537815126,0.01694915254237288,0.039182282793867124,0.0657672849915683,0.03,0.049441786283891544,0.06199021207177814,0.007886435331230283,0.04838709677419355,0.07241379310344828,0.2222222222222222,0.003105590062111801,0.05950413223140496,0.015174506828528073,0.07407407407407407,0.01592356687898089,0.014423076923076924,0.03662420382165605,0.08166666666666667,0.08077544426494346,0.0015772870662460567,0.028286189683860232,0.09177215189873418,0.13680781758957655,0.05414551607445008,0.0,0.08,0.0016778523489932886,0.07106598984771574,0.015772870662460567,0.0016051364365971107,0.045454545454545456,0.06301824212271974,0.004878048780487805,0.40219092331768386,0.06393442622950819,0.0189873417721519,0.006462035541195477,0.056838365896980464,0.006349206349206349,0.1404399323181049,0.08188976377952756,0.030015797788309637,0.0016474464579901153,0.03758169934640523,0.061514195583596214,0.04873949579831933,0.003215434083601286,0.032915360501567396,0.1627172195892575,0.017857142857142856,0.0,0.17719298245614035,0.02923076923076923,0.00487012987012987,0.02891156462585034,0.003355704697986577,0.015,0.0124804992199688,0.022222222222222223,0.019834710743801654,0.13247172859450726,0.0,0.006369426751592357,0.008130081300813009,0.001589825119236884,0.0,0.07309486780715396,0.06372549019607843,0.0015822784810126582,0.10191082802547771,0.0,0.015100671140939598,0.015698587127158554,0.07728706624605679,0.056402439024390245,0.0,0.008064516129032258,0.025806451612903226,0.0781758957654723,0.032,0.0016891891891891893,0.09667194928684628,0.1109350237717908,0.027156549520766772,0.015723270440251572,0.0,0.0594679186228482,0.006700167504187605,0.05804311774461028,0.02572347266881029,0.0016233766233766235,0.034482758620689655,0.10033444816053512,0.08496732026143791,0.039723661485319514,0.09302325581395349,0.04794520547945205,0.07582938388625593,0.022764227642276424,0.004815409309791332,0.0015873015873015873,0.0
2011,1,9,prevalence,0.13651315789473684,0.03514376996805112,0.001692047377326565,0.03488372093023256,0.0,0.0017211703958691911,0.04230118443316413,0.057947019867549666,0.0033613445378151263,0.06785137318255251,0.1490015360983103,0.09713375796178345,0.04833836858006042,0.09006211180124224,0.061389337641357025,0.011705685618729096,0.0047694753577106515,0.09569377990430622,0.01631321370309951,0.0,0.06885758998435054,0.048513302034428794,0.0529595015576324,0.011419249592169658,0.0016,0.01386481802426343,0.01597444089456869,0.014018691588785047,0.0030721966205837174,0.0,0.019138755980861243,0.0921875,0.05245901639344262,0.02533783783783784,0.020700636942675158,0.006791171477079796,0.07601351351351351,0.056896551724137934,0.006493506493506494,0.0565149136577708,0.0,0.049342105263157895,0.0015748031496062992,0.024793388429752067,0.001639344262295082,0.048484848484848485,0.11222780569514237,0.04730831973898858,0.07389937106918239,0.0015552099533437014,0.027331189710610933,0.003076923076923077,0.011146496815286623,0.02356902356902357,0.0,0.0049586776859504135,0.02040816326530612,0.03350970017636684,0.04711246200607903,0.24077046548956663,0.023474178403755867,0.004878048780487805,0.003316749585406302,0.0,0.0272,0.06046511627906977,0.021806853582554516,0.003179650238473768,0.025728987993138937,0.011419249592169658,0.003305785123966942,0.029259896729776247,0.025559105431309903,0.0032626427406199023,0.03605015673981191,0.0,0.004594180704441042,0.1715686274509804,0.032423208191126277,0.07865168539325842,0.019332161687170474,0.003129890453834116,0.09238249594813615,0.22203672787979967,0.09060955518945635,0.001557632398753894,0.0015723270440251573,0.0,0.03599374021909233,0.08278145695364239,0.09698996655518395,0.0048,0.013422818791946308,0.0589171974522293,0.04091653027823241,0.04975922953451043,0.01011804384485666,0.03361344537815126,0.019908116385911178,0.04643449419568822,0.11185308848080133,0.025889967637540454,0.052884615384615384,0.058419243986254296,0.009478672985781991,0.03648424543946932,0.05811965811965812,0.1805111821086262,0.0015552099533437014,0.07907742998352553,0.007621951219512195,0.04416403785488959,0.02627511591962906,0.011363636363636364,0.0375,0.05950413223140496,0.05853658536585366,0.0,0.04582651391162029,0.07244094488188976,0.07568438003220612,0.04745762711864407,0.004784688995215311,0.10493827160493827,0.0017006802721088435,0.08196721311475409,0.016181229773462782,0.0015748031496062992,0.04792332268370607,0.06957928802588997,0.006389776357827476,0.3153846153846154,0.06456692913385827,0.02090032154340836,0.006339144215530904,0.050966608084358524,0.008156606851549755,0.16694772344013492,0.05967741935483871,0.0440251572327044,0.0016155088852988692,0.03986710963455149,0.05736434108527132,0.050173010380622836,0.00641025641025641,0.03129890453834116,0.15916398713826366,0.01751592356687898,0.0,0.12323943661971831,0.050078247261345854,0.004761904761904762,0.02533783783783784,0.0032733224222585926,0.024013722126929673,0.013574660633484163,0.0256797583081571,0.0297029702970297,0.11682242990654206,0.0033003300330033004,0.009819967266775777,0.004815409309791332,0.001607717041800643,0.0,0.05967741935483871,0.04376012965964344,0.0048,0.07290015847860538,0.0017094017094017094,0.013888888888888888,0.026856240126382307,0.06050955414012739,0.03863987635239567,0.0,0.0016260162601626016,0.045234248788368334,0.06026058631921824,0.024834437086092714,0.0016286644951140066,0.08931419457735247,0.05582137161084529,0.014331210191082803,0.0171875,0.0,0.07538461538461538,0.01001669449081803,0.0779436152570481,0.01594896331738437,0.003284072249589491,0.014950166112956811,0.07462686567164178,0.09838709677419355,0.029513888888888888,0.05972434915773354,0.0657672849915683,0.04245283018867924,0.022913256955810146,0.004784688995215311,0.001584786053882726,0.001589825119236884
2012,1,9,prevalence,0.1399662731871838,0.0368,0.001697792869269949,0.05823627287853577,0.0,0.0016611295681063123,0.048494983277591976,0.03672787979966611,0.0032679738562091504,0.06310679611650485,0.11455108359133127,0.10835913312693499,0.030864197530864196,0.06646058732612056,0.03709428129829984,0.018302828618968387,0.0110062893081761,0.0733652312599681,0.031198686371100164,0.0014858841010401188,0.07561728395061729,0.05196850393700787,0.05238828967642527,0.011382113821138212,0.001692047377326565,0.012089810017271158,0.013910355486862442,0.009404388714733543,0.007621951219512195,0.0,0.033386327503974564,0.06656346749226007,0.0425531914893617,0.035058430717863104,0.02711323763955343,0.0034965034965034965,0.045075125208681135,0.04886561954624782,0.006339144215530904,0.03286384976525822,0.0,0.04318936877076412,0.0,0.026622296173044926,0.001597444089456869,0.04573170731707317,0.09882747068676717,0.0448,0.054773082942097026,0.001519756838905775,0.017915309446254073,0.0031446540880503146,0.012841091492776886,0.014925373134328358,0.0,0.006389776357827476,0.014195583596214511,0.03442340791738382,0.03755868544600939,0.19601328903654486,0.037520391517128875,0.012944983818770227,0.0033500837520938024,0.0,0.02471169686985173,0.05354330708661417,0.016845329249617153,0.009708737864077669,0.040955631399317405,0.0032948929159802307,0.006644518272425249,0.020833333333333332,0.030303030303030304,0.0065040650406504065,0.034976152623211444,0.0016778523489932886,0.0030534351145038168,0.14910858995137763,0.02922077922077922,0.04983922829581994,0.016666666666666666,0.001597444089456869,0.09563758389261745,0.12562814070351758,0.07364975450081833,0.003048780487804878,0.00625,0.0,0.03815580286168521,0.07333333333333333,0.14590163934426228,0.004784688995215311,0.006644518272425249,0.0625,0.027823240589198037,0.03454231433506045,0.009966777408637873,0.04222972972972973,0.010869565217391304,0.05081967213114754,0.11736334405144695,0.026058631921824105,0.04746835443037975,0.04576271186440678,0.0046875,0.014950166112956811,0.02861952861952862,0.11736334405144695,0.0031446540880503146,0.0777027027027027,0.004694835680751174,0.009302325581395349,0.03286384976525822,0.023529411764705882,0.03542673107890499,0.056291390728476824,0.05825242718446602,0.0016051364365971107,0.044481054365733116,0.07755775577557755,0.07941653160453808,0.05670103092783505,0.009554140127388535,0.11181102362204724,0.0017035775127768314,0.07305194805194805,0.01757188498402556,0.00482315112540193,0.056910569105691054,0.08112582781456953,0.006546644844517185,0.1753846153846154,0.045307443365695796,0.02155887230514096,0.0016260162601626016,0.04203152364273205,0.015410958904109588,0.17597292724196278,0.04180064308681672,0.02689873417721519,0.0015527950310559005,0.043478260869565216,0.023006134969325152,0.059322033898305086,0.012658227848101266,0.031496062992125984,0.12096774193548387,0.028846153846153848,0.001564945226917058,0.09340659340659341,0.025078369905956112,0.004885993485342019,0.01639344262295082,0.004966887417218543,0.02037351443123939,0.013740458015267175,0.019490254872563718,0.024154589371980676,0.07668231611893583,0.001694915254237288,0.008156606851549755,0.00482315112540193,0.001584786053882726,0.0,0.03764320785597381,0.017377567140600316,0.004601226993865031,0.09247648902821316,0.016286644951140065,0.022071307300509338,0.04258675078864353,0.029900332225913623,0.03134796238244514,0.003257328990228013,0.004830917874396135,0.03668261562998405,0.0583596214511041,0.016339869281045753,0.0033003300330033004,0.06369426751592357,0.0219435736677116,0.01901743264659271,0.0125,0.0,0.09559939301972686,0.01697792869269949,0.08237232289950576,0.011041009463722398,0.0033500837520938024,0.01335559265442404,0.04297520661157025,0.08524590163934426,0.03430531732418525,0.057926829268292686,0.06168831168831169,0.03531300160513644,0.016339869281045753,0.0030911901081916537,0.0,0.003194888178913738
2013,1,9,prevalence,0.08403361344537816,0.03453947368421053,0.0016750418760469012,0.05400696864111498,0.0,0.0016750418760469012,0.04280821917808219,0.03409090909090909,0.00322061191626409,0.032520325203252036,0.08620689655172414,0.09202453987730061,0.03076923076923077,0.04975922953451043,0.05030487804878049,0.01732283464566929,0.016025641025641024,0.06420545746388442,0.027823240589198037,0.0015082956259426848,0.07121212121212121,0.049441786283891544,0.02631578947368421,0.007961783439490446,0.0016778523489932886,0.01015228426395939,0.0171606864274571,0.0121765601217656,0.012307692307692308,0.0,0.026856240126382307,0.054380664652567974,0.028052805280528052,0.025356576862123614,0.0189873417721519,0.003355704697986577,0.03814262023217247,0.04377104377104377,0.009433962264150943,0.01664145234493192,0.0,0.061224489795918366,0.0,0.018487394957983194,0.0015698587127158557,0.04747320061255743,0.08,0.05331179321486268,0.029503105590062112,0.004573170731707317,0.018456375838926176,0.0031746031746031746,0.006359300476947536,0.021346469622331693,0.0,0.004918032786885246,0.009404388714733543,0.03502626970227671,0.02702702702702703,0.1461794019933555,0.027823240589198037,0.007961783439490446,0.006589785831960461,0.0,0.02287581699346405,0.047987616099071206,0.025236593059936908,0.014657980456026058,0.05067567567567568,0.003284072249589491,0.003355704697986577,0.030927835051546393,0.03645007923930269,0.006349206349206349,0.06041335453100159,0.005110732538330494,0.0077279752704791345,0.09902597402597403,0.026856240126382307,0.06973058637083994,0.009900990099009901,0.0016611295681063123,0.053691275167785234,0.10085470085470086,0.06623586429725363,0.0030441400304414,0.006269592476489028,0.0,0.03286384976525822,0.06611570247933884,0.10666666666666667,0.01726844583987441,0.011864406779661017,0.062402496099843996,0.030844155844155844,0.036544850498338874,0.01910828025477707,0.03511705685618729,0.010802469135802469,0.05546218487394958,0.09728867623604466,0.02694136291600634,0.0499194847020934,0.05253940455341506,0.001589825119236884,0.008103727714748784,0.03709949409780776,0.11128775834658187,0.012195121951219513,0.04051863857374392,0.0016025641025641025,0.01386748844375963,0.04381846635367762,0.020338983050847456,0.017857142857142856,0.038461538461538464,0.06507936507936508,0.001557632398753894,0.027777777777777776,0.05263157894736842,0.07062600321027288,0.04317789291882556,0.007849293563579277,0.09119496855345911,0.003389830508474576,0.039538714991762765,0.018957345971563982,0.0015822784810126582,0.06840390879478828,0.0762987012987013,0.006791171477079796,0.11059907834101383,0.050393700787401574,0.03264604810996564,0.006535947712418301,0.051194539249146756,0.011532125205930808,0.1377551020408163,0.051070840197693576,0.022257551669316374,0.0015552099533437014,0.027419354838709678,0.0141287284144427,0.031413612565445025,0.015455950540958269,0.0265625,0.10754414125200643,0.03189792663476874,0.0016,0.09892086330935251,0.013008130081300813,0.009852216748768473,0.013333333333333334,0.0,0.024793388429752067,0.025796661608497723,0.02157164869029276,0.02773246329526917,0.0700152207001522,0.001644736842105263,0.005128205128205128,0.012965964343598054,0.001607717041800643,0.0,0.052202283849918436,0.014354066985645933,0.004702194357366771,0.07108239095315025,0.0231023102310231,0.04530201342281879,0.04709576138147567,0.03697478991596639,0.03560371517027864,0.0032102728731942215,0.00644122383252818,0.0231023102310231,0.05705229793977813,0.024958402662229616,0.0016286644951140066,0.06771653543307087,0.02336448598130841,0.014446227929373997,0.010719754977029096,0.0,0.08787878787878788,0.013311148086522463,0.05175292153589316,0.016793893129770993,0.0,0.011686143572621035,0.0420032310177706,0.09650582362728785,0.018487394957983194,0.03453453453453453,0.08745874587458746,0.03054662379421222,0.009900990099009901,0.0031446540880503146,0.0,0.00315955766192733
2014,1,9,prevalence,0.06525285481239804,0.03915171288743882,0.0016666666666666668,0.042444821731748725,0.0,0.0032258064516129032,0.0451505016722408,0.02152317880794702,0.0016313213703099511,0.01788617886178862,0.0492845786963434,0.0804416403785489,0.0448,0.04823151125401929,0.05555555555555555,0.02572347266881029,0.01615508885298869,0.059602649006622516,0.03387096774193549,0.007633587786259542,0.08255451713395638,0.041666666666666664,0.01263823064770932,0.009917355371900827,0.0016611295681063123,0.021922428330522766,0.016793893129770993,0.01386748844375963,0.007656967840735069,0.0016339869281045752,0.0208,0.047987616099071206,0.029850746268656716,0.03732503888024884,0.028616852146263912,0.001652892561983471,0.048013245033112585,0.04201680672268908,0.017488076311605722,0.010769230769230769,0.0031645569620253164,0.03389830508474576,0.0,0.024752475247524754,0.0015503875968992248,0.0390625,0.06414473684210527,0.04107424960505529,0.022690437601296597,0.0030721966205837174,0.01680672268907563,0.0032733224222585926,0.003125,0.014446227929373997,0.0,0.0031397174254317113,0.007763975155279503,0.04852686308492201,0.03610675039246468,0.09836065573770492,0.029801324503311258,0.012678288431061807,0.011494252873563218,0.0,0.022508038585209004,0.046153846153846156,0.015432098765432098,0.027823240589198037,0.044850498338870434,0.0,0.006825938566552901,0.041884816753926704,0.033707865168539325,0.014106583072100314,0.06869009584664537,0.0033444816053511705,0.017133956386292833,0.07504078303425775,0.041935483870967745,0.06785137318255251,0.013628620102214651,0.004739336492890996,0.044905008635578586,0.06521739130434782,0.0512,0.0061068702290076335,0.006493506493506494,0.0,0.037267080745341616,0.06752411575562701,0.07260726072607261,0.03685897435897436,0.017035775127768313,0.05701078582434515,0.02280130293159609,0.03803486529318542,0.03376205787781351,0.025848142164781908,0.017377567140600316,0.04455445544554455,0.088,0.011235955056179775,0.044753086419753084,0.031413612565445025,0.0048,0.0112,0.027586206896551724,0.0832,0.00906344410876133,0.05750798722044728,0.0032733224222585926,0.01088646967340591,0.041666666666666664,0.02857142857142857,0.012658227848101266,0.02694136291600634,0.07120253164556962,0.0015337423312883436,0.03289473684210526,0.03908794788273615,0.07028753993610223,0.041237113402061855,0.008090614886731391,0.0744336569579288,0.004918032786885246,0.0231023102310231,0.029503105590062112,0.0,0.056962025316455694,0.05466237942122187,0.0016366612111292963,0.06416275430359937,0.055900621118012424,0.030664395229982964,0.016,0.06806282722513089,0.013651877133105802,0.09844559585492228,0.04,0.03980891719745223,0.0015527950310559005,0.04084967320261438,0.012779552715654952,0.03231292517006803,0.02197802197802198,0.04081632653061224,0.07568438003220612,0.03685897435897436,0.0,0.050347222222222224,0.01485148514851485,0.021630615640599003,0.020602218700475437,0.0,0.03305785123966942,0.015037593984962405,0.03076923076923077,0.04340836012861737,0.0530421216848674,0.0,0.005067567567567568,0.004754358161648178,0.003215434083601286,0.006688963210702341,0.060655737704918035,0.01615508885298869,0.004918032786885246,0.053833605220228384,0.02671118530884808,0.03130148270181219,0.03354632587859425,0.03150912106135987,0.030303030303030304,0.001610305958132045,0.00974025974025974,0.02622950819672131,0.056179775280898875,0.030508474576271188,0.001564945226917058,0.04313099041533546,0.026687598116169546,0.01746031746031746,0.005997001499250375,0.0,0.09298780487804878,0.021630615640599003,0.03436988543371522,0.026194144838212634,0.0032626427406199023,0.010186757215619695,0.04051863857374392,0.08291873963515754,0.01020408163265306,0.03918495297805643,0.09163987138263666,0.025806451612903226,0.011627906976744186,0.0031446540880503146,0.0,0.003129890453834116
2015,1,9,prevalence,0.04560260586319218,0.0180623973727422,0.003289473684210526,0.03608247422680412,0.0,0.004846526655896607,0.04040404040404041,0.027868852459016394,0.0016474464579901153,0.03099510603588907,0.050473186119873815,0.06426332288401254,0.04326923076923077,0.03949447077409163,0.046153846153846156,0.012924071082390954,0.012658227848101266,0.04854368932038835,0.06158833063209076,0.009244992295839754,0.06708268330733229,0.04120443740095087,0.02664576802507837,0.013377926421404682,0.0016181229773462784,0.01652892561983471,0.012441679626749611,0.009316770186335404,0.010510510510510511,0.0016260162601626016,0.03177257525083612,0.03486529318541997,0.0453781512605042,0.03115264797507788,0.027070063694267517,0.001658374792703151,0.03225806451612903,0.04666666666666667,0.022653721682847898,0.00916030534351145,0.004942339373970346,0.03171953255425709,0.001639344262295082,0.01487603305785124,0.0,0.0322061191626409,0.044189852700491,0.03453689167974882,0.03145695364238411,0.007898894154818325,0.010135135135135136,0.006666666666666667,0.0015552099533437014,0.016,0.0,0.0032258064516129032,0.013677811550151976,0.03691275167785235,0.03296703296703297,0.08943089430894309,0.01854974704890388,0.028700906344410877,0.00975609756097561,0.0,0.021702838063439065,0.05084745762711865,0.015432098765432098,0.03150912106135987,0.020168067226890758,0.0049586776859504135,0.006578947368421052,0.029159519725557463,0.03257328990228013,0.02631578947368421,0.05873015873015873,0.00966183574879227,0.025236593059936908,0.04180602006688963,0.048494983277591976,0.049441786283891544,0.015050167224080268,0.003236245954692557,0.054673721340388004,0.05930807248764415,0.02689873417721519,0.019877675840978593,0.01001669449081803,0.0016339869281045752,0.02403846153846154,0.05245901639344262,0.06472491909385113,0.0625,0.02800658978583196,0.07006369426751592,0.02258064516129032,0.022727272727272728,0.048013245033112585,0.019543973941368076,0.00946372239747634,0.046474358974358976,0.08562197092084006,0.01485148514851485,0.024311183144246355,0.03806228373702422,0.006299212598425197,0.007961783439490446,0.03442340791738382,0.06698564593301436,0.015267175572519083,0.025518341307814992,0.0,0.004658385093167702,0.04180064308681672,0.03225806451612903,0.011182108626198083,0.02694136291600634,0.0660377358490566,0.0015600624024961,0.02768729641693811,0.029900332225913623,0.0670926517571885,0.04770017035775128,0.024115755627009645,0.05930807248764415,0.00505902192242833,0.01639344262295082,0.020933977455716585,0.0,0.03503184713375796,0.054098360655737705,0.001652892561983471,0.06836248012718601,0.028528528528528527,0.02072538860103627,0.025817555938037865,0.04647160068846816,0.02356902356902357,0.09137931034482759,0.03927986906710311,0.045871559633027525,0.0030627871362940277,0.027375201288244767,0.0171875,0.042692939244663386,0.03079416531604538,0.024844720496894408,0.05977382875605816,0.03773584905660377,0.0,0.03541315345699832,0.024054982817869417,0.022617124394184167,0.018376722817764167,0.0,0.044850498338870434,0.023148148148148147,0.04281345565749235,0.036334913112164295,0.04354587869362364,0.0,0.0049261083743842365,0.009615384615384616,0.004885993485342019,0.00333889816360601,0.059800664451827246,0.02009273570324575,0.0033003300330033004,0.03333333333333333,0.03442622950819672,0.03436988543371522,0.02155887230514096,0.029801324503311258,0.01948051948051948,0.001652892561983471,0.02593192868719611,0.024630541871921183,0.03328050713153724,0.03130148270181219,0.0015503875968992248,0.05314009661835749,0.017080745341614908,0.014263074484944533,0.010670731707317074,0.0,0.09312977099236641,0.027823240589198037,0.02471169686985173,0.03479576399394856,0.011608623548922056,0.008130081300813009,0.03755868544600939,0.05555555555555555,0.012237762237762238,0.04381846635367762,0.0707395498392283,0.024193548387096774,0.01631321370309951,0.009771986970684038,0.005016722408026756,0.004739336492890996
2016,1,9,prevalence,0.043689320388349516,0.01901743264659271,0.010291595197255575,0.03424657534246575,0.0,0.00473186119873817,0.052545155993431854,0.029900332225913623,0.004942339373970346,0.057692307692307696,0.03930817610062893,0.058084772370486655,0.0528,0.01729559748427673,0.03425774877650897,0.019543973941368076,0.024232633279483037,0.029459901800327332,0.042833607907743,0.013761467889908258,0.05192878338278932,0.05374592833876222,0.04205607476635514,0.016260162601626018,0.0016611295681063123,0.019672131147540985,0.030015797788309637,0.0109375,0.00909090909090909,0.0016638935108153079,0.04590163934426229,0.0249609984399376,0.04040404040404041,0.031007751937984496,0.028391167192429023,0.0,0.029654036243822075,0.04276315789473684,0.01824212271973466,0.040123456790123455,0.0049833887043189366,0.01517706576728499,0.00819672131147541,0.01957585644371941,0.0014947683109118087,0.04700162074554295,0.029801324503311258,0.025437201907790145,0.023064250411861616,0.006389776357827476,0.008503401360544218,0.015,0.0015220700152207,0.01726844583987441,0.0,0.0,0.009302325581395349,0.03305785123966942,0.03273322422258593,0.047540983606557376,0.018456375838926176,0.039097744360902256,0.016556291390728478,0.0,0.022838499184339316,0.04113924050632911,0.022658610271903322,0.03409090909090909,0.01507537688442211,0.008417508417508417,0.009950248756218905,0.03208556149732621,0.0210016155088853,0.020440251572327043,0.06666666666666667,0.012598425196850394,0.01938610662358643,0.02631578947368421,0.049019607843137254,0.04617834394904458,0.011326860841423949,0.003284072249589491,0.030821917808219176,0.052545155993431854,0.039619651347068144,0.015552099533437015,0.01335559265442404,0.0016750418760469012,0.01607717041800643,0.032679738562091505,0.09076175040518639,0.08985024958402663,0.02106969205834684,0.07028753993610223,0.01594896331738437,0.024671052631578948,0.04628099173553719,0.02564102564102564,0.01631321370309951,0.0512,0.07394957983193277,0.01155115511551155,0.03135313531353135,0.04513888888888889,0.033123028391167195,0.008025682182985553,0.03236797274275979,0.05970149253731343,0.016566265060240965,0.029595015576323987,0.0,0.026813880126182965,0.04285714285714286,0.01948051948051948,0.0171875,0.02702702702702703,0.050473186119873815,0.0,0.0210016155088853,0.035483870967741936,0.06788079470198675,0.051839464882943144,0.00487012987012987,0.057096247960848286,0.005,0.01824212271973466,0.024630541871921183,0.0,0.03492063492063492,0.0384,0.0,0.049679487179487176,0.027314112291350532,0.013422818791946308,0.025597269624573378,0.04607508532423208,0.02337228714524207,0.0584070796460177,0.029173419773095625,0.0239880059970015,0.0030120481927710845,0.017713365539452495,0.009508716323296355,0.03739837398373984,0.02177293934681182,0.02336448598130841,0.050488599348534204,0.014705882352941176,0.0016286644951140066,0.03908794788273615,0.02702702702702703,0.0165016501650165,0.021116138763197588,0.0016474464579901153,0.04051863857374392,0.029595015576323987,0.05007587253414264,0.023112480739599383,0.04892966360856269,0.0,0.016339869281045753,0.009419152276295133,0.00482315112540193,0.012861736334405145,0.03177257525083612,0.024390243902439025,0.004901960784313725,0.03782894736842105,0.03565640194489465,0.04383116883116883,0.041254125412541254,0.03715670436187399,0.02711323763955343,0.0016778523489932886,0.01800327332242226,0.013245033112582781,0.026856240126382307,0.036605657237936774,0.0015360983102918587,0.03927986906710311,0.03241491085899514,0.03225806451612903,0.02177293934681182,0.0,0.04961240310077519,0.0352,0.05229793977812995,0.021116138763197588,0.021739130434782608,0.016638935108153077,0.04945904173106646,0.04982817869415808,0.02936096718480138,0.06351791530944625,0.07855973813420622,0.011128775834658187,0.01990049751243781,0.013050570962479609,0.010309278350515464,0.006144393241167435
2017,1,9,prevalence,0.04516129032258064,0.012519561815336464,0.009884678747940691,0.05254237288135593,0.0,0.004658385093167702,0.030448717948717948,0.018151815181518153,0.003316749585406302,0.04991680532445923,0.027070063694267517,0.05572755417956656,0.05747126436781609,0.014308426073131956,0.0636215334420881,0.04838709677419355,0.03594771241830065,0.038461538461538464,0.038397328881469114,0.004457652303120356,0.08571428571428572,0.07974481658692185,0.03599374021909233,0.0176,0.0017123287671232876,0.02258064516129032,0.03260869565217391,0.018633540372670808,0.00911854103343465,0.0016863406408094434,0.05008347245409015,0.027993779160186624,0.04991680532445923,0.050078247261345854,0.034108527131782945,0.0,0.03135313531353135,0.0392156862745098,0.006430868167202572,0.05076923076923077,0.003284072249589491,0.017973856209150325,0.009787928221859706,0.011437908496732025,0.0,0.044407894736842105,0.03442622950819672,0.029508196721311476,0.019543973941368076,0.01726844583987441,0.010327022375215147,0.01779935275080906,0.0015384615384615385,0.00949367088607595,0.0,0.0,0.007763975155279503,0.012841091492776886,0.024793388429752067,0.05432937181663837,0.015384615384615385,0.024096385542168676,0.01607717041800643,0.0016286644951140066,0.01615508885298869,0.03481012658227848,0.02118003025718608,0.05967741935483871,0.030252100840336135,0.005119453924914676,0.01818181818181818,0.024475524475524476,0.027597402597402596,0.03571428571428571,0.08087091757387248,0.004807692307692308,0.017828200972447326,0.01746031746031746,0.0583596214511041,0.0530421216848674,0.0032102728731942215,0.001639344262295082,0.04770017035775128,0.038461538461538464,0.057902973395931145,0.024691358024691357,0.009900990099009901,0.001669449081803005,0.02145214521452145,0.046849757673667204,0.03902439024390244,0.06375838926174497,0.01282051282051282,0.0473186119873817,0.019908116385911178,0.01011804384485666,0.057947019867549666,0.03210272873194221,0.03205128205128205,0.05040650406504065,0.06988352745424292,0.008116883116883116,0.027960526315789474,0.057692307692307696,0.03296703296703297,0.006379585326953748,0.03541315345699832,0.05238095238095238,0.010802469135802469,0.027070063694267517,0.0,0.025437201907790145,0.044753086419753084,0.021241830065359478,0.01589825119236884,0.026234567901234566,0.06379585326953748,0.0,0.03870967741935484,0.020634920634920634,0.09302325581395349,0.07,0.00315955766192733,0.06393442622950819,0.005008347245409015,0.013114754098360656,0.01584786053882726,0.0,0.02388535031847134,0.03912363067292645,0.0,0.06199021207177814,0.03669724770642202,0.008389261744966443,0.02385008517887564,0.04599659284497445,0.0128,0.04436860068259386,0.04265402843601896,0.03619909502262444,0.0031007751937984496,0.01564945226917058,0.0015479876160990713,0.024469820554649267,0.01129032258064516,0.015625,0.06788079470198675,0.004909983633387889,0.0033613445378151263,0.029411764705882353,0.04671280276816609,0.01437699680511182,0.012084592145015106,0.001589825119236884,0.0322061191626409,0.03054662379421222,0.040238450074515646,0.013803680981595092,0.06006006006006006,0.0016339869281045752,0.011570247933884297,0.01088646967340591,0.0016339869281045752,0.019801980198019802,0.038397328881469114,0.029320987654320986,0.0049504950495049506,0.06776859504132231,0.04984423676012461,0.05608974358974359,0.05211726384364821,0.040783034257748776,0.035483870967741936,0.0,0.016339869281045753,0.014754098360655738,0.02476780185758514,0.03672787979966611,0.0015698587127158557,0.03398058252427184,0.021241830065359478,0.03431372549019608,0.015552099533437015,0.0,0.040372670807453416,0.03559870550161812,0.06811145510835913,0.02074074074074074,0.013422818791946308,0.02138157894736842,0.045941807044410414,0.04915254237288136,0.0328719723183391,0.13861386138613863,0.07987220447284345,0.02050473186119874,0.02922077922077922,0.0224,0.020905923344947737,0.006259780907668232
2018,1,9,prevalence,0.046104928457869634,0.00980392156862745,0.011419249592169658,0.02975206611570248,0.0,0.003257328990228013,0.0210016155088853,0.02388535031847134,0.0017094017094017094,0.04376012965964344,0.0728476821192053,0.048513302034428794,0.0608,0.01461038961038961,0.037953795379537955,0.05016181229773463,0.02768729641693811,0.020202020202020204,0.03896103896103896,0.0045662100456621,0.10518518518518519,0.1254071661237785,0.026729559748427674,0.011804384485666104,0.0,0.022328548644338118,0.014150943396226415,0.015432098765432098,0.015408320493066256,0.001718213058419244,0.06962025316455696,0.028708133971291867,0.07537688442211055,0.0502283105022831,0.030721966205837174,0.0,0.00975609756097561,0.0686427457098284,0.010101010101010102,0.06614173228346457,0.0033333333333333335,0.008291873963515755,0.01788617886178862,0.01155115511551155,0.0,0.009708737864077669,0.04785478547854786,0.018363939899833055,0.036605657237936774,0.03054662379421222,0.006944444444444444,0.03565640194489465,0.0,0.0031847133757961785,0.0,0.0,0.00964630225080386,0.022988505747126436,0.010256410256410256,0.0451505016722408,0.010452961672473868,0.01984732824427481,0.008103727714748784,0.0016366612111292963,0.016366612111292964,0.03645007923930269,0.012403100775193798,0.060064935064935064,0.026578073089700997,0.003389830508474576,0.009819967266775777,0.015151515151515152,0.040257648953301126,0.0471841704718417,0.07244094488188976,0.006230529595015576,0.021311475409836064,0.0031201248049922,0.09174311926605505,0.06838905775075987,0.0,0.0,0.03484320557491289,0.0196078431372549,0.08188976377952756,0.018518518518518517,0.009569377990430622,0.0016474464579901153,0.03387096774193549,0.07266982622432859,0.038523274478330656,0.06105610561056106,0.03503184713375796,0.03858520900321544,0.009419152276295133,0.006633499170812604,0.057003257328990226,0.02689873417721519,0.03231017770597738,0.05750798722044728,0.0757825370675453,0.004838709677419355,0.03215434083601286,0.030141843971631204,0.0594679186228482,0.0030721966205837174,0.028192371475953566,0.08490566037735849,0.003129890453834116,0.042483660130718956,0.0016666666666666668,0.025078369905956112,0.04566929133858268,0.025477707006369428,0.004601226993865031,0.031203566121842496,0.0673076923076923,0.0,0.05806451612903226,0.0445468509984639,0.15091210613598674,0.07107438016528926,0.0016051364365971107,0.07592891760904685,0.004966887417218543,0.010067114093959731,0.017377567140600316,0.0,0.02689873417721519,0.04716981132075472,0.001644736842105263,0.059967585089141004,0.024922118380062305,0.005016722408026756,0.039735099337748346,0.05704697986577181,0.017713365539452495,0.04013377926421405,0.049679487179487176,0.01818181818181818,0.00909090909090909,0.012841091492776886,0.0030864197530864196,0.017543859649122806,0.008025682182985553,0.0096,0.09136212624584718,0.007987220447284345,0.0016750418760469012,0.03079416531604538,0.06996587030716724,0.007987220447284345,0.004431314623338257,0.0015772870662460567,0.03536977491961415,0.027331189710610933,0.05799373040752351,0.009404388714733543,0.0832072617246596,0.003289473684210526,0.013157894736842105,0.004792332268370607,0.0016420361247947454,0.041935483870967745,0.06872852233676977,0.02037617554858934,0.0032414910858995136,0.07666098807495741,0.12206572769953052,0.10452418096723869,0.04769475357710652,0.041935483870967745,0.0322061191626409,0.0,0.01818181818181818,0.014516129032258065,0.03645007923930269,0.028380634390651086,0.0015723270440251573,0.05379746835443038,0.024875621890547265,0.08077544426494346,0.010835913312693499,0.001597444089456869,0.039936102236421724,0.027868852459016394,0.056179775280898875,0.02844311377245509,0.008561643835616438,0.011345218800648298,0.052715654952076675,0.057432432432432436,0.016835016835016835,0.15625,0.088,0.0203125,0.021103896103896104,0.016420361247947456,0.026041666666666668,0.006349206349206349
2019,1,9,prevalence,0.07244094488188976,0.022328548644338118,0.02254428341384863,0.03262642740619902,0.0,0.003115264797507788,0.008264462809917356,0.025396825396825397,0.003367003367003367,0.06060606060606061,0.11904761904761904,0.05030487804878049,0.05333333333333334,0.009983361064891847,0.043548387096774194,0.06797583081570997,0.019417475728155338,0.034071550255536626,0.04186795491143317,0.0015455950540958269,0.10454545454545454,0.11059190031152648,0.03110419906687403,0.0064516129032258064,0.0,0.030063291139240507,0.01592356687898089,0.006299212598425197,0.014285714285714285,0.0017271157167530224,0.04654895666131621,0.022653721682847898,0.07960199004975124,0.02821316614420063,0.0532724505327245,0.0032733224222585926,0.0016129032258064516,0.06446540880503145,0.009933774834437087,0.07250755287009064,0.0032626427406199023,0.008237232289950576,0.009983361064891847,0.01468189233278956,0.0,0.016051364365971106,0.042444821731748725,0.009819967266775777,0.05537459283387622,0.07617504051863858,0.005110732538330494,0.030844155844155844,0.0,0.0016155088852988692,0.003205128205128205,0.0,0.01757188498402556,0.011532125205930808,0.01340033500837521,0.03859060402684564,0.0,0.037993920972644375,0.008143322475570033,0.0016501650165016502,0.011419249592169658,0.0406885758998435,0.009188361408882083,0.060955518945634266,0.0387858347386172,0.001692047377326565,0.009917355371900827,0.01903114186851211,0.041935483870967745,0.029503105590062112,0.07655502392344497,0.009478672985781991,0.019933554817275746,0.0015748031496062992,0.08695652173913043,0.0889894419306184,0.0,0.0,0.028021015761821366,0.041390728476821195,0.16174183514774496,0.026729559748427674,0.004934210526315789,0.001658374792703151,0.022653721682847898,0.10542635658914729,0.0165016501650165,0.10576923076923077,0.012861736334405145,0.02622950819672131,0.022292993630573247,0.0049833887043189366,0.0945945945945946,0.031055900621118012,0.026143790849673203,0.0811232449297972,0.049586776859504134,0.0032,0.028391167192429023,0.02226027397260274,0.052884615384615384,0.003076923076923077,0.02782608695652174,0.1206611570247934,0.003125,0.03980099502487562,0.0016181229773462784,0.034482758620689655,0.03821656050955414,0.007836990595611285,0.00927357032457496,0.04380664652567976,0.08794788273615635,0.0,0.0633116883116883,0.08854961832061069,0.18210361067503925,0.058823529411764705,0.0030959752321981426,0.0744336569579288,0.004830917874396135,0.0069084628670120895,0.015873015873015872,0.0,0.02800658978583196,0.07503828483920368,0.004862236628849271,0.09390444810543658,0.03286384976525822,0.008547008547008548,0.08940397350993377,0.05592105263157895,0.01779935275080906,0.04145936981757877,0.04220779220779221,0.03167420814479638,0.004511278195488722,0.019639934533551555,0.001564945226917058,0.014084507042253521,0.011400651465798045,0.00974025974025974,0.07095709570957096,0.003179650238473768,0.0016339869281045752,0.05672609400324149,0.04817275747508306,0.017027863777089782,0.0015037593984962407,0.0015822784810126582,0.014446227929373997,0.023734177215189875,0.06349206349206349,0.004724409448818898,0.08708708708708708,0.008143322475570033,0.02356902356902357,0.009900990099009901,0.0016,0.11352253756260434,0.08869565217391304,0.040625,0.0016025641025641025,0.07960199004975124,0.1561051004636785,0.11956521739130435,0.055031446540880505,0.0210016155088853,0.04361873990306947,0.0,0.017915309446254073,0.018425460636515914,0.06315789473684211,0.02218430034129693,0.0016366612111292963,0.055384615384615386,0.03934426229508197,0.11783960720130933,0.0106544901065449,0.0016313213703099511,0.0189873417721519,0.022653721682847898,0.0425531914893617,0.030441400304414,0.01232394366197183,0.01929260450160772,0.05379746835443038,0.044142614601018676,0.014900662251655629,0.27677100494233936,0.08280254777070063,0.029641185647425898,0.015748031496062992,0.01757188498402556,0.01517706576728499,0.003179650238473768
2020,1,9,prevalence,0.10268562401263823,0.009478672985781991,0.027463651050080775,0.012944983818770227,0.0,0.0030864197530864196,0.0032948929159802307,0.04251968503937008,0.0033783783783783786,0.060897435897435896,0.17676767676767677,0.060653188180404355,0.0805921052631579,0.004792332268370607,0.04470198675496689,0.053929121725731895,0.008210180623973728,0.020066889632107024,0.04276315789473684,0.0016129032258064516,0.11826347305389222,0.09049079754601227,0.031446540880503145,0.00964630225080386,0.0,0.02037617554858934,0.0109204368174727,0.00949367088607595,0.012269938650306749,0.0033613445378151263,0.036334913112164295,0.031446540880503145,0.07550335570469799,0.021374045801526718,0.06574923547400612,0.0,0.004901960784313725,0.0491283676703645,0.009836065573770493,0.09538002980625931,0.003179650238473768,0.0214168039538715,0.013245033112582781,0.0032102728731942215,0.0015037593984962407,0.012861736334405145,0.06435643564356436,0.012718600953895072,0.060810810810810814,0.0698051948051948,0.0049833887043189366,0.06132879045996593,0.0,0.0,0.0016260162601626016,0.0,0.008223684210526315,0.022151898734177215,0.023688663282571912,0.045454545454545456,0.0,0.0265210608424337,0.00967741935483871,0.001658374792703151,0.022187004754358162,0.03328050713153724,0.007861635220125786,0.04455445544554455,0.04926108374384237,0.0,0.018121911037891267,0.020338983050847456,0.05065359477124183,0.03834355828220859,0.0532258064516129,0.001567398119122257,0.022298456260720412,0.0,0.10461538461538461,0.11538461538461539,0.0015527950310559005,0.0,0.029616724738675958,0.0423861852433281,0.16770186335403728,0.02694136291600634,0.004878048780487805,0.0016260162601626016,0.026984126984126985,0.12404287901990811,0.017770597738287562,0.08524590163934426,0.01567398119122257,0.0304,0.03210272873194221,0.00964630225080386,0.10906040268456375,0.017107309486780714,0.009538950715421303,0.11446740858505565,0.0347682119205298,0.003194888178913738,0.016923076923076923,0.021630615640599003,0.05806451612903226,0.0,0.01877133105802048,0.20684039087947884,0.0,0.055,0.001597444089456869,0.037096774193548385,0.06451612903225806,0.015698587127158554,0.0061162079510703364,0.06576980568011959,0.09515859766277128,0.0,0.061461794019933555,0.08333333333333333,0.24306688417618272,0.05958132045088567,0.00322061191626409,0.09640522875816994,0.004792332268370607,0.005154639175257732,0.006230529595015576,0.0,0.03273322422258593,0.10730948678071539,0.006589785831960461,0.12520325203252033,0.04866562009419152,0.005110732538330494,0.11900826446280992,0.05672609400324149,0.013996889580093312,0.05862646566164154,0.05365853658536585,0.02735562310030395,0.003105590062111801,0.01932367149758454,0.0,0.00927357032457496,0.009569377990430622,0.009852216748768473,0.06765676567656766,0.0,0.0016286644951140066,0.08660130718954248,0.06158833063209076,0.023734177215189875,0.0015128593040847202,0.001607717041800643,0.012718600953895072,0.03257328990228013,0.05638474295190713,0.003134796238244514,0.08383233532934131,0.004777070063694267,0.031825795644891124,0.014263074484944533,0.0,0.15485996705107083,0.09032258064516129,0.05929487179487179,0.001579778830963665,0.054365733113673806,0.23238380809595202,0.08116385911179173,0.03650793650793651,0.02572347266881029,0.0594679186228482,0.0,0.02459016393442623,0.011844331641285956,0.05451713395638629,0.01854974704890388,0.001607717041800643,0.08702531645569621,0.06962025316455696,0.18914473684210525,0.009287925696594427,0.0033003300330033004,0.008025682182985553,0.011345218800648298,0.039938556067588324,0.02118003025718608,0.01386481802426343,0.027243589743589744,0.07606973058637084,0.029801324503311258,0.005,0.3695299837925446,0.061389337641357025,0.04381846635367762,0.010606060606060607,0.014423076923076924,0.01658374792703151,0.0031496062992125984
2021,1,9,prevalence,0.10856269113149847,0.007911392405063292,0.019639934533551555,0.0165016501650165,0.0,0.001584786053882726,0.004893964110929853,0.0358814352574103,0.0033500837520938024,0.02531645569620253,0.2747068676716918,0.1,0.10289389067524116,0.0,0.07705479452054795,0.05801526717557252,0.011400651465798045,0.009569377990430622,0.0723905723905724,0.0,0.13271604938271606,0.0609375,0.0405616224648986,0.001639344262295082,0.003169572107765452,0.03486529318541997,0.009724473257698542,0.017241379310344827,0.007716049382716049,0.005145797598627788,0.0176,0.04258675078864353,0.07899159663865546,0.016591251885369532,0.06821705426356589,0.0,0.0,0.04141104294478527,0.0165016501650165,0.12650602409638553,0.001519756838905775,0.011217948717948718,0.0064516129032258064,0.006289308176100629,0.0,0.01680672268907563,0.1,0.0110062893081761,0.06206896551724138,0.11900826446280992,0.0016835016835016834,0.10032894736842106,0.0,0.0,0.0,0.0,0.01174496644295302,0.020440251572327043,0.02707275803722504,0.02348993288590604,0.008561643835616438,0.014018691588785047,0.004724409448818898,0.0016611295681063123,0.032357473035439135,0.014195583596214511,0.0016,0.024232633279483037,0.044850498338870434,0.0,0.028985507246376812,0.011589403973509934,0.057692307692307696,0.059006211180124224,0.06493506493506493,0.0015552099533437014,0.038917089678511,0.0,0.08255451713395638,0.13559322033898305,0.001579778830963665,0.0,0.03986710963455149,0.043410852713178294,0.2626582278481013,0.040257648953301126,0.004846526655896607,0.0016051364365971107,0.04409448818897638,0.1480916030534351,0.026143790849673203,0.10350584307178631,0.012578616352201259,0.024115755627009645,0.023696682464454975,0.004754358161648178,0.08517887563884156,0.014657980456026058,0.003179650238473768,0.15434083601286175,0.015437392795883362,0.0016207455429497568,0.01910828025477707,0.023728813559322035,0.0688,0.0,0.022413793103448276,0.29296235679214405,0.0015360983102918587,0.09180327868852459,0.0016181229773462784,0.03171953255425709,0.09046849757673667,0.007836990595611285,0.0058823529411764705,0.10510948905109489,0.06493506493506493,0.001567398119122257,0.06557377049180328,0.12310030395136778,0.23089171974522293,0.06289308176100629,0.001584786053882726,0.09838709677419355,0.004934210526315789,0.003484320557491289,0.004724409448818898,0.0,0.03459637561779242,0.1297134238310709,0.008169934640522876,0.1850079744816587,0.07587253414264036,0.005,0.10518053375196232,0.04220779220779221,0.0234375,0.08967851099830795,0.09531502423263329,0.020155038759689922,0.0016025641025641025,0.027375201288244767,0.0,0.0141287284144427,0.019736842105263157,0.017741935483870968,0.06135986733001658,0.0,0.0032414910858995136,0.08846761453396525,0.07154213036565978,0.02247191011235955,0.0015290519877675841,0.0016233766233766235,0.015337423312883436,0.028380634390651086,0.047058823529411764,0.0,0.08269525267993874,0.015748031496062992,0.025380710659898477,0.022116903633491312,0.0,0.23684210526315788,0.1232,0.07201309328968904,0.003194888178913738,0.07472178060413355,0.2298325722983257,0.0546875,0.03015873015873016,0.011111111111111112,0.07585139318885449,0.0,0.0436241610738255,0.02037351443123939,0.08536585365853659,0.03264604810996564,0.0016,0.08837209302325581,0.06998444790046657,0.27124183006535946,0.021604938271604937,0.0033783783783783786,0.009708737864077669,0.020602218700475437,0.05061349693251534,0.019817073170731708,0.006968641114982578,0.028481012658227847,0.06372549019607843,0.03877221324717286,0.0033613445378151263,0.3983606557377049,0.05271828665568369,0.05263157894736842,0.007530120481927711,0.04501607717041801,0.014729950900163666,0.0015748031496062992
2022,1,9,prevalence,0.12872841444270017,0.00933125972006221,0.013490725126475547,0.02936378466557912,0.0,0.003169572107765452,0.009724473257698542,0.034976152623211444,0.001644736842105263,0.03918495297805643,0.27960526315789475,0.13249211356466878,0.1624203821656051,0.0,0.06112054329371817,0.13097072419106318,0.009508716323296355,0.00949367088607595,0.06782608695652174,0.0,0.15146831530139104,0.08108108108108109,0.0490506329113924,0.0,0.00482315112540193,0.04746835443037975,0.011363636363636364,0.028662420382165606,0.0125,0.0017211703958691911,0.017857142857142856,0.0796875,0.076158940397351,0.006060606060606061,0.05466237942122187,0.0,0.0,0.020186335403726708,0.015126050420168067,0.11162079510703364,0.0,0.015552099533437015,0.005016722408026756,0.012841091492776886,0.0,0.03355704697986577,0.14910858995137763,0.0109375,0.08517887563884156,0.18030050083472454,0.001607717041800643,0.1085899513776337,0.0064,0.0,0.0,0.0,0.006462035541195477,0.015625,0.03436426116838488,0.0378657487091222,0.01020408163265306,0.03803486529318542,0.006369426751592357,0.001658374792703151,0.02047244094488189,0.006611570247933884,0.001564945226917058,0.014563106796116505,0.02622950819672131,0.0,0.033816425120772944,0.013029315960912053,0.06840390879478828,0.06677265500794913,0.05186385737439222,0.0015384615384615385,0.030456852791878174,0.0,0.06581059390048154,0.17884914463452567,0.0031496062992125984,0.0,0.05172413793103448,0.06564885496183206,0.32761310452418096,0.0288,0.003179650238473768,0.003305785123966942,0.03599374021909233,0.14728682170542637,0.041935483870967745,0.1315345699831366,0.0078125,0.03079416531604538,0.009523809523809525,0.011272141706924315,0.07820299500831947,0.011235955056179775,0.01238390092879257,0.16962843295638125,0.010638297872340425,0.0016260162601626016,0.014308426073131956,0.02631578947368421,0.07278481012658228,0.006589785831960461,0.022222222222222223,0.37089201877934275,0.0,0.1342062193126023,0.001579778830963665,0.03691275167785235,0.09003215434083602,0.003134796238244514,0.010479041916167664,0.14696969696969697,0.06754530477759473,0.0,0.06677265500794913,0.18654434250764526,0.21782178217821782,0.04472843450479233,0.003179650238473768,0.11232449297971919,0.0032310177705977385,0.0017391304347826088,0.0015772870662460567,0.0,0.03636363636363636,0.11265432098765432,0.0031545741324921135,0.2634069400630915,0.12440191387559808,0.008210180623973728,0.1045958795562599,0.02593192868719611,0.05674846625766871,0.06802721088435375,0.09208400646203554,0.020155038759689922,0.004846526655896607,0.04692556634304207,0.0,0.009345794392523364,0.04111842105263158,0.01957585644371941,0.06478405315614617,0.001610305958132045,0.003194888178913738,0.15193798449612403,0.07728706624605679,0.012965964343598054,0.0015151515151515152,0.0016,0.011058451816745656,0.024958402662229616,0.04384485666104553,0.0,0.0700152207001522,0.00631911532385466,0.026490066225165563,0.0384,0.0,0.3355155482815057,0.104,0.061258278145695365,0.003179650238473768,0.12116564417177914,0.2544642857142857,0.05263157894736842,0.04071661237785016,0.004815409309791332,0.06687402799377916,0.0,0.060556464811783964,0.03494176372712146,0.13595166163141995,0.025974025974025976,0.0016260162601626016,0.10900473933649289,0.06070287539936102,0.25477707006369427,0.01594896331738437,0.003278688524590164,0.001652892561983471,0.02773246329526917,0.06646058732612056,0.006329113924050633,0.006944444444444444,0.015873015873015872,0.04926108374384237,0.055,0.005119453924914676,0.3327922077922078,0.05108359133126935,0.05572755417956656,0.015174506828528073,0.08450704225352113,0.006688963210702341,0.0016260162601626016
2023,1,9,prevalence,0.11514195583596215,0.017377567140600316,0.008431703204047217,0.04785478547854786,0.0,0.0033112582781456954,0.01288244766505636,0.0423861852433281,0.0016260162601626016,0.027243589743589744,0.2809364548494983,0.10064935064935066,0.17891373801916932,0.0,0.06239737274220033,0.11094224924012158,0.009584664536741214,0.0062402496099844,0.05245346869712352,0.0,0.15179968701095461,0.07631160572337042,0.07309486780715396,0.0015625,0.0065040650406504065,0.037209302325581395,0.008264462809917356,0.04126984126984127,0.0047694753577106515,0.00338409475465313,0.02631578947368421,0.06269113149847094,0.05950413223140496,0.006069802731411229,0.05555555555555555,0.0,0.0016722408026755853,0.011075949367088608,0.02576489533011272,0.1268882175226586,0.0,0.009287925696594427,0.0033112582781456954,0.018808777429467086,0.0031847133757961785,0.029079159935379646,0.1921182266009852,0.015625,0.13926174496644295,0.22765598650927488,0.0016,0.15497553017944535,0.0,0.0,0.0,0.0,0.013333333333333334,0.024205748865355523,0.044673539518900345,0.050590219224283306,0.008077544426494346,0.04012841091492777,0.003205128205128205,0.0016233766233766235,0.008,0.0048,0.004846526655896607,0.022364217252396165,0.034653465346534656,0.0049586776859504135,0.03262642740619902,0.022764227642276424,0.06570512820512821,0.07339449541284404,0.07704654895666131,0.0,0.023728813559322035,0.0,0.06153846153846154,0.16905901116427433,0.007776049766718507,0.0,0.06357388316151202,0.08463949843260188,0.29017160686427457,0.0492845786963434,0.003115264797507788,0.003205128205128205,0.02527646129541864,0.19242902208201892,0.07525083612040134,0.11967213114754098,0.009316770186335404,0.03104575163398693,0.006349206349206349,0.016286644951140065,0.09838709677419355,0.008064516129032258,0.00964630225080386,0.1376,0.005291005291005291,0.0,0.011494252873563218,0.07504078303425775,0.060221870047543584,0.013071895424836602,0.03814262023217247,0.3568,0.0,0.16803953871499178,0.0,0.029801324503311258,0.0784313725490196,0.010852713178294573,0.008968609865470852,0.2118003025718608,0.066006600660066,0.001564945226917058,0.06821705426356589,0.2018348623853211,0.19836065573770492,0.020537124802527645,0.00315955766192733,0.14285714285714285,0.0016181229773462784,0.0017211703958691911,0.0016129032258064516,0.0,0.04462809917355372,0.12267080745341614,0.004846526655896607,0.314785373608903,0.12933753943217666,0.011456628477905073,0.11968503937007874,0.022257551669316374,0.07413010590015129,0.06055363321799308,0.11556982343499198,0.020634920634920634,0.006493506493506494,0.0992,0.0,0.0031496062992125984,0.03156146179401993,0.025889967637540454,0.08562197092084006,0.001658374792703151,0.004702194357366771,0.2028985507246377,0.06645569620253164,0.004934210526315789,0.0,0.0016260162601626016,0.0078003120124804995,0.022033898305084745,0.05272407732864675,0.0,0.06574923547400612,0.003236245954692557,0.009523809523809525,0.03656597774244833,0.0,0.3349673202614379,0.12140575079872204,0.046104928457869634,0.004709576138147566,0.14241486068111456,0.18236173393124067,0.03759398496240601,0.05826771653543307,0.003205128205128205,0.0987460815047022,0.0,0.05175292153589316,0.019639934533551555,0.17557251908396945,0.024077046548956663,0.0016474464579901153,0.136,0.05763239875389408,0.2427652733118971,0.007751937984496124,0.0016207455429497568,0.0016207455429497568,0.026438569206842923,0.046031746031746035,0.00482315112540193,0.005172413793103448,0.016,0.06393442622950819,0.060655737704918035,0.010050251256281407,0.22405271828665568,0.0483619344773791,0.04409448818897638,0.026905829596412557,0.13078149920255183,0.006622516556291391,0.0
2024,1,9,prevalence,0.13166144200626959,0.018433179723502304,0.001669449081803005,0.050955414012738856,0.0,0.0033333333333333335,0.016,0.055379746835443035,0.0,0.03761755485893417,0.20833333333333334,0.09523809523809523,0.18662519440124417,0.0016051364365971107,0.057096247960848286,0.12575757575757576,0.006462035541195477,0.006269592476489028,0.038397328881469114,0.0,0.138801261829653,0.0851063829787234,0.09953343701399689,0.0,0.0016556291390728477,0.03343949044585987,0.008223684210526315,0.04574132492113565,0.011146496815286623,0.0017211703958691911,0.021035598705501618,0.054628224582701064,0.03966942148760331,0.012030075187969926,0.053125,0.0,0.0016722408026755853,0.018461538461538463,0.02996845425867508,0.15241057542768274,0.0,0.009244992295839754,0.006557377049180328,0.015360983102918587,0.004918032786885246,0.025437201907790145,0.24796084828711257,0.009302325581395349,0.24668874172185432,0.24207011686143573,0.0016155088852988692,0.1702127659574468,0.0,0.0,0.0017123287671232876,0.0,0.0,0.02147239263803681,0.05545927209705372,0.05351170568561873,0.016366612111292964,0.033707865168539325,0.0031545741324921135,0.0016,0.026771653543307086,0.0032520325203252032,0.007961783439490446,0.020569620253164556,0.0430622009569378,0.008064516129032258,0.03273322422258593,0.02145214521452145,0.03908794788273615,0.0713224368499257,0.087893864013267,0.0015625,0.035058430717863104,0.0,0.04296296296296296,0.1971608832807571,0.014563106796116505,0.0,0.09415584415584416,0.07919254658385093,0.2314674735249622,0.040372670807453416,0.0031496062992125984,0.0016181229773462784,0.01834862385321101,0.15165876777251186,0.08538587848932677,0.1104,0.006153846153846154,0.03896103896103896,0.0015723270440251573,0.012678288431061807,0.10610932475884244,0.00482315112540193,0.006359300476947536,0.15619967793880837,0.0035149384885764497,0.0,0.006472491909385114,0.1465798045602606,0.058823529411764705,0.06280193236714976,0.03409090909090909,0.2575039494470774,0.0,0.1454248366013072,0.0,0.04974271012006861,0.06504065040650407,0.01740506329113924,0.013452914798206279,0.1956521739130435,0.07993197278911565,0.0,0.13734567901234568,0.2146118721461187,0.15066225165562913,0.016975308641975308,0.001589825119236884,0.12461538461538461,0.001567398119122257,0.0,0.0,0.0,0.06209150326797386,0.10849056603773585,0.0031496062992125984,0.2589703588143526,0.15559157212317667,0.02329450915141431,0.13488372093023257,0.03453947368421053,0.091324200913242,0.05823627287853577,0.12,0.01765650080256822,0.013114754098360656,0.14054927302100162,0.0,0.006546644844517185,0.014308426073131956,0.021922428330522766,0.11147011308562198,0.0,0.0015600624024961,0.19370078740157481,0.07484076433121019,0.0067226890756302525,0.0,0.003278688524590164,0.006259780907668232,0.013245033112582781,0.06927175843694494,0.0016501650165016502,0.08527131782945736,0.008169934640522876,0.03134796238244514,0.024844720496894408,0.0,0.23941368078175895,0.12578616352201258,0.055284552845528454,0.0030534351145038168,0.0963302752293578,0.130568356374808,0.039755351681957186,0.060882800608828,0.001584786053882726,0.08688783570300158,0.0,0.037037037037037035,0.01620745542949757,0.14553990610328638,0.01652892561983471,0.0032520325203252032,0.1544461778471139,0.07620528771384137,0.22857142857142856,0.009216589861751152,0.004838709677419355,0.0033222591362126247,0.020061728395061727,0.05741626794258373,0.004807692307692308,0.0035587188612099642,0.006600660066006601,0.06829268292682927,0.0704,0.029950083194675542,0.14054927302100162,0.0608,0.0379746835443038,0.03211009174311927,0.15023474178403756,0.01864406779661017,0.0
2025,1,9,prevalence,0.13064516129032258,0.0182370820668693,0.0,0.04340836012861737,0.0,0.0032948929159802307,0.017741935483870968,0.065625,0.0,0.059006211180124224,0.16019417475728157,0.0707395498392283,0.18153364632237873,0.004901960784313725,0.05826771653543307,0.15668202764976957,0.003246753246753247,0.003134796238244514,0.04297520661157025,0.0,0.11908646003262642,0.08210180623973727,0.1289308176100629,0.0,0.0,0.014705882352941176,0.0032679738562091504,0.04065040650406504,0.007961783439490446,0.0017094017094017094,0.030944625407166124,0.039619651347068144,0.016420361247947456,0.005934718100890208,0.05591054313099041,0.0,0.0016339869281045752,0.021638330757341576,0.027950310559006212,0.1765625,0.0,0.012066365007541479,0.013311148086522463,0.0109204368174727,0.003257328990228013,0.04245283018867924,0.2236842105263158,0.0187207488299532,0.245,0.21926910299003322,0.0015772870662460567,0.24958949096880131,0.0016638935108153079,0.0,0.0017241379310344827,0.0,0.014975041597337771,0.011869436201780416,0.07248764415156507,0.07201309328968904,0.03125,0.04361873990306947,0.0015408320493066256,0.001607717041800643,0.023622047244094488,0.011532125205930808,0.004893964110929853,0.013953488372093023,0.07941653160453808,0.0,0.017857142857142856,0.02664576802507837,0.03927986906710311,0.07379518072289157,0.08250825082508251,0.001597444089456869,0.03278688524590164,0.0,0.01661631419939577,0.17936507936507937,0.011647254575707155,0.0016366612111292963,0.08780487804878048,0.09076923076923077,0.08408408408408409,0.05337519623233909,0.0015552099533437014,0.0016207455429497568,0.015503875968992248,0.171875,0.1537190082644628,0.13136288998357964,0.00764525993883792,0.03145695364238411,0.0015625,0.004830917874396135,0.0754414125200642,0.00315955766192733,0.006269592476489028,0.13535031847133758,0.001692047377326565,0.0,0.004934210526315789,0.15126050420168066,0.04707792207792208,0.08823529411764706,0.03189792663476874,0.19656786271450857,0.0,0.13804173354735153,0.0,0.09121621621621621,0.04950495049504951,0.012698412698412698,0.004709576138147566,0.2571884984025559,0.06754530477759473,0.0,0.15445859872611464,0.2534992223950233,0.1407766990291262,0.026856240126382307,0.0015552099533437014,0.10889570552147239,0.0,0.0,0.0016420361247947454,0.0,0.06611570247933884,0.12168486739469579,0.0016366612111292963,0.2765625,0.14518760195758565,0.019417475728155338,0.1359375,0.044657097288676235,0.0967741935483871,0.04208754208754209,0.10634920634920635,0.01680672268907563,0.016666666666666666,0.17957166392092258,0.0,0.0032414910858995136,0.011589403973509934,0.024013722126929673,0.12241653418124006,0.0,0.0015723270440251573,0.2419871794871795,0.045813586097946286,0.0048543689320388345,0.0,0.0,0.0015873015873015873,0.025848142164781908,0.06060606060606061,0.001694915254237288,0.07142857142857142,0.007849293563579277,0.05172413793103448,0.024806201550387597,0.0,0.1531986531986532,0.1182108626198083,0.07563025210084033,0.0030303030303030303,0.10651828298887123,0.10387596899224806,0.03939393939393939,0.03298350824587706,0.0,0.06635802469135803,0.0,0.026016260162601626,0.016181229773462782,0.14126984126984127,0.007874015748031496,0.0032520325203252032,0.14962962962962964,0.15045592705167174,0.1830065359477124,0.010769230769230769,0.0046875,0.003257328990228013,0.012307692307692308,0.0636215334420881,0.0049586776859504135,0.001658374792703151,0.006430868167202572,0.09523809523809523,0.08176100628930817,0.06176961602671119,0.12149532710280374,0.048818897637795275,0.04213938411669368,0.02723146747352496,0.1787974683544304,0.009693053311793215,0.0
