Time,age_start,age_end,measure,draw_0,draw_1,draw_2,draw_3,draw_4,draw_5,draw_6,draw_7,draw_8,draw_9,draw_10,draw_11,draw_12,draw_13,draw_14,draw_15,draw_16,draw_17,draw_18,draw_19,draw_20,draw_21,draw_22,draw_23,draw_24,draw_25,draw_26,draw_27,draw_28,draw_29,draw_30,draw_31,draw_32,draw_33,draw_34,draw_35,draw_36,draw_37,draw_38,draw_39,draw_40,draw_41,draw_42,draw_43,draw_44,draw_45,draw_46,draw_47,draw_48,draw_49,draw_50,draw_51,draw_52,draw_53,draw_54,draw_55,draw_56,draw_57,draw_58,draw_59,draw_60,draw_61,draw_62,draw_63,draw_64,draw_65,draw_66,draw_67,draw_68,draw_69,draw_70,draw_71,draw_72,draw_73,draw_74,draw_75,draw_76,draw_77,draw_78,draw_79,draw_80,draw_81,draw_82,draw_83,draw_84,draw_85,draw_86,draw_87,draw_88,draw_89,draw_90,draw_91,draw_92,draw_93,draw_94,draw_95,draw_96,draw_97,draw_98,draw_99,draw_100,draw_101,draw_102,draw_103,draw_104,draw_105,draw_106,draw_107,draw_108,draw_109,draw_110,draw_111,draw_112,draw_113,draw_114,draw_115,draw_116,draw_117,draw_118,draw_119,draw_120,draw_121,draw_122,draw_123,draw_124,draw_125,draw_126,draw_127,draw_128,draw_129,draw_130,draw_131,draw_132,draw_133,draw_134,draw_135,draw_136,draw_137,draw_138,draw_139,draw_140,draw_141,draw_142,draw_143,draw_144,draw_145,draw_146,draw_147,draw_148,draw_149,draw_150,draw_151,draw_152,draw_153,draw_154,draw_155,draw_156,draw_157,draw_158,draw_159,draw_160,draw_161,draw_162,draw_163,draw_164,draw_165,draw_166,draw_167,draw_168,draw_169,draw_170,draw_171,draw_172,draw_173,draw_174,draw_175,draw_176,draw_177,draw_178,draw_179,draw_180,draw_181,draw_182,draw_183,draw_184,draw_185,draw_186,draw_187,draw_188,draw_189,draw_190,draw_191,draw_192,draw_193,draw_194,draw_195,draw_196,draw_197,draw_198,draw_199
1996,1,9,prevalence,0.04133545310015898,0.14136904761904762,0.0031847133757961785,0.1935483870967742,0.02066772655007949,0.0,0.08717105263157894,0.033846153846153845,0.0015698587127158557,0.016516516516516516,0.11561561561561562,0.07765451664025357,0.196513470681458,0.009448818897637795,0.05172413793103448,0.07272727272727272,0.014106583072100314,0.23823975720789076,0.006389776357827476,0.03576982892690513,0.07753164556962025,0.0031397174254317113,0.0436817472698908,0.0410958904109589,0.07807308970099668,0.08737864077669903,0.0015600624024961,0.1974921630094044,0.125,0.1648,0.14088820826952528,0.14488188976377953,0.025889967637540454,0.0546875,0.06605222734254992,0.0016638935108153079,0.11432926829268293,0.06129032258064516,0.01607717041800643,0.03110419906687403,0.03680981595092025,0.027737226277372264,0.09105180533751962,0.07503828483920368,0.12841091492776885,0.1825525040387722,0.0,0.06635802469135803,0.0,0.0492845786963434,0.038834951456310676,0.03881987577639751,0.0989345509893455,0.07251264755480608,0.11582381729200653,0.07820299500831947,0.14511041009463724,0.13406940063091483,0.15064562410329985,0.04078549848942598,0.0,0.040372670807453416,0.019077901430842606,0.0,0.02857142857142857,0.022082018927444796,0.0941358024691358,0.06896551724137931,0.0949367088607595,0.03473227206946455,0.018779342723004695,0.13870967741935483,0.04878048780487805,0.048465266558966075,0.1500789889415482,0.08647798742138364,0.06278713629402756,0.11782945736434108,0.13707165109034267,0.08217054263565891,0.04205607476635514,0.05112781954887218,0.007776049766718507,0.009302325581395349,0.0,0.11620294599018004,0.06880733944954129,0.07704918032786885,0.02748091603053435,0.018957345971563982,0.04411764705882353,0.1424287856071964,0.08776978417266187,0.03284072249589491,0.018957345971563982,0.03316749585406302,0.11956521739130435,0.0,0.03215926493108729,0.08928571428571429,0.1847649918962723,0.196875,0.030349013657056147,0.1558641975308642,0.10355987055016182,0.10082644628099173,0.08992248062015504,0.07790143084260731,0.03727714748784441,0.03618421052631579,0.028315946348733235,0.10993975903614457,0.13353566009104703,0.13043478260869565,0.001567398119122257,0.03727714748784441,0.07278481012658228,0.07578008915304606,0.0016025641025641025,0.0046439628482972135,0.060755336617405585,0.14890282131661442,0.053811659192825115,0.031446540880503145,0.07211538461538461,0.0016666666666666668,0.0015037593984962407,0.10698365527488855,0.05339805825242718,0.10679611650485436,0.04354587869362364,0.019169329073482427,0.017001545595054096,0.030015797788309637,0.07355242566510173,0.0015625,0.045813586097946286,0.05709876543209876,0.06209150326797386,0.06784660766961652,0.09567901234567901,0.0,0.21630094043887146,0.08688524590163935,0.032448377581120944,0.09764309764309764,0.03471074380165289,0.09238249594813615,0.08018867924528301,0.06426332288401254,0.042735042735042736,0.05388272583201268,0.08401976935749589,0.11419249592169657,0.12678288431061807,0.030894308943089432,0.08157099697885196,0.09905660377358491,0.006051437216338881,0.0,0.1272430668841762,0.06025824964131994,0.03365384615384615,0.08359133126934984,0.03328050713153724,0.22626582278481014,0.00916030534351145,0.05329153605015674,0.037209302325581395,0.006042296072507553,0.07631160572337042,0.22647527910685805,0.19738988580750408,0.05061349693251534,0.17991004497751126,0.1691542288557214,0.10223642172523961,0.008038585209003215,0.1632047477744807,0.07956318252730109,0.026058631921824105,0.008347245409015025,0.085667215815486,0.005,0.12418300653594772,0.030303030303030304,0.012030075187969926,0.0989010989010989,0.09202453987730061,0.013050570962479609,0.026234567901234566,0.05451713395638629,0.04588607594936709,0.13137557959814528,0.14536741214057508,0.1582089552238806,0.0016233766233766235,0.09567901234567901,0.07766990291262135,0.12828438948995363
1997,1,9,prevalence,0.038525963149078725,0.11532385466034756,0.0032258064516129032,0.20727848101265822,0.01935483870967742,0.0,0.06055363321799308,0.04153354632587859,0.004846526655896607,0.0141287284144427,0.12077294685990338,0.09268292682926829,0.23115577889447236,0.014657980456026058,0.0380952380952381,0.10756302521008404,0.009693053311793215,0.2132701421800948,0.0016260162601626016,0.03955696202531646,0.0840064620355412,0.003284072249589491,0.05756578947368421,0.08745874587458746,0.06842105263157895,0.10819672131147541,0.0016155088852988692,0.22380952380952382,0.14457831325301204,0.1212624584717608,0.1320754716981132,0.12071778140293637,0.03104575163398693,0.03864734299516908,0.038523274478330656,0.001697792869269949,0.11058451816745656,0.03678929765886288,0.012779552715654952,0.014331210191082803,0.03685897435897436,0.0352760736196319,0.10586319218241043,0.07777777777777778,0.13689482470784642,0.14686468646864687,0.0,0.06612903225806452,0.0,0.0738255033557047,0.06699346405228758,0.025682182985553772,0.1,0.06495726495726496,0.11314475873544093,0.07363013698630137,0.07898894154818326,0.17298187808896212,0.15014577259475217,0.031746031746031744,0.00322061191626409,0.050243111831442464,0.02618657937806874,0.0033500837520938024,0.026490066225165563,0.03642384105960265,0.1314475873544093,0.07849829351535836,0.11183144246353323,0.058997050147492625,0.03758169934640523,0.16984126984126985,0.05536912751677853,0.047619047619047616,0.15878378378378377,0.0935483870967742,0.06951026856240126,0.1026438569206843,0.15284552845528454,0.11213517665130568,0.05930807248764415,0.07154471544715447,0.0031545741324921135,0.013157894736842105,0.0,0.11323763955342903,0.09688013136288999,0.10204081632653061,0.02694136291600634,0.016863406408094434,0.024834437086092714,0.14761904761904762,0.12721893491124261,0.030716723549488054,0.018808777429467086,0.023931623931623933,0.12741935483870967,0.0,0.047244094488188976,0.11147540983606558,0.17294520547945205,0.1879310344827586,0.023622047244094488,0.09389671361502347,0.12038523274478331,0.109375,0.06045751633986928,0.07641196013289037,0.01697792869269949,0.01867572156196944,0.02909647779479326,0.10091743119266056,0.1203125,0.11688311688311688,0.0016313213703099511,0.048414023372287146,0.06462035541195477,0.09302325581395349,0.001669449081803005,0.0030911901081916537,0.06135986733001658,0.14049586776859505,0.05343511450381679,0.06105610561056106,0.08881578947368421,0.003590664272890485,0.003067484662576687,0.09422492401215805,0.07246376811594203,0.09710391822827939,0.037383177570093455,0.023450586264656615,0.0265210608424337,0.026101141924959218,0.06655574043261231,0.0016181229773462784,0.05448717948717949,0.06310679611650485,0.09137055837563451,0.09905660377358491,0.09531502423263329,0.0,0.2560386473429952,0.09586776859504133,0.03680981595092025,0.14839797639123103,0.02666666666666667,0.07885906040268456,0.0891089108910891,0.046474358974358976,0.03770197486535009,0.043973941368078175,0.09168081494057725,0.10631229235880399,0.0998389694041868,0.036585365853658534,0.09501557632398754,0.11666666666666667,0.0030165912518853697,0.0017094017094017094,0.10409556313993173,0.06134969325153374,0.025728987993138937,0.1060126582278481,0.041811846689895474,0.184,0.015337423312883436,0.060755336617405585,0.049441786283891544,0.004594180704441042,0.06143344709897611,0.1696,0.13058419243986255,0.05368098159509203,0.14678899082568808,0.10666666666666667,0.11363636363636363,0.01217391304347826,0.17761194029850746,0.054838709677419356,0.026981450252951095,0.01353637901861252,0.08099173553719008,0.0033277870216306157,0.15282392026578073,0.05196850393700787,0.012718600953895072,0.09427609427609428,0.08398133748055987,0.019130434782608695,0.043973941368078175,0.08278145695364239,0.04234527687296417,0.13333333333333333,0.12682926829268293,0.13078149920255183,0.001644736842105263,0.11442006269592477,0.09933774834437085,0.1260096930533118
1998,1,9,prevalence,0.03826955074875208,0.07484076433121019,0.0015772870662460567,0.18506998444790046,0.024390243902439025,0.0,0.03484320557491289,0.050955414012738856,0.004792332268370607,0.016845329249617153,0.10668789808917198,0.07559055118110236,0.15780998389694043,0.021739130434782608,0.032362459546925564,0.14165261382799327,0.009693053311793215,0.21583850931677018,0.009917355371900827,0.046801872074883,0.06666666666666667,0.001697792869269949,0.03993344425956739,0.09624796084828711,0.05317324185248713,0.10714285714285714,0.001697792869269949,0.17569786535303777,0.19006849315068494,0.1541095890410959,0.09907120743034056,0.128,0.0322061191626409,0.06414473684210527,0.04153354632587859,0.001697792869269949,0.10631741140215717,0.018739352640545145,0.01485148514851485,0.017432646592709985,0.06269592476489028,0.04245283018867924,0.11326860841423948,0.10420168067226891,0.1482084690553746,0.18864774624373956,0.0,0.048,0.0,0.06925675675675676,0.11326860841423948,0.0192,0.08496732026143791,0.06565656565656566,0.10327022375215146,0.06349206349206349,0.07606973058637084,0.20469798657718122,0.13411078717201166,0.0288,0.00946372239747634,0.048859934853420196,0.03770491803278689,0.011182108626198083,0.012903225806451613,0.06209150326797386,0.13268608414239483,0.06478405315614617,0.11075441412520064,0.07759882869692533,0.04508856682769726,0.1889763779527559,0.032948929159802305,0.03885135135135135,0.15806988352745424,0.10317460317460317,0.06200317965023847,0.1088646967340591,0.11305732484076433,0.1144578313253012,0.08585858585858586,0.07177814029363784,0.003205128205128205,0.0032948929159802307,0.0033277870216306157,0.09451219512195122,0.09602649006622517,0.09259259259259259,0.03968253968253968,0.020967741935483872,0.03993055555555555,0.1134185303514377,0.13740458015267176,0.023688663282571912,0.01386748844375963,0.008333333333333333,0.1290824261275272,0.0,0.061611374407582936,0.11147011308562198,0.1281198003327787,0.18214285714285713,0.0328125,0.07366771159874608,0.13841368584758942,0.08848080133555926,0.05747126436781609,0.048701298701298704,0.013888888888888888,0.01694915254237288,0.012084592145015106,0.09239940387481371,0.11305732484076433,0.08103727714748785,0.001607717041800643,0.03636363636363636,0.0966183574879227,0.0768025078369906,0.0016155088852988692,0.0015082956259426848,0.05032467532467533,0.09882747068676717,0.04595879556259905,0.06988352745424292,0.07804878048780488,0.01048951048951049,0.0015267175572519084,0.08042488619119878,0.05984251968503937,0.04753820033955857,0.04938271604938271,0.039735099337748346,0.03685897435897436,0.026016260162601626,0.05582922824302135,0.0,0.040498442367601244,0.07355242566510173,0.09930313588850175,0.09206349206349207,0.0896,0.0,0.23305785123966943,0.10344827586206896,0.039936102236421724,0.12626262626262627,0.023450586264656615,0.0576271186440678,0.07119205298013245,0.037037037037037035,0.03852889667250438,0.048494983277591976,0.077834179357022,0.08319467554076539,0.0853462157809984,0.061258278145695365,0.09569377990430622,0.1724137931034483,0.0015360983102918587,0.0,0.08983050847457627,0.045871559633027525,0.04325259515570934,0.14423076923076922,0.03535353535353535,0.1382636655948553,0.016845329249617153,0.05593220338983051,0.05529225908372828,0.0014903129657228018,0.04643449419568822,0.1461038961038961,0.10378912685337727,0.0473186119873817,0.11424100156494522,0.10017574692442882,0.09693053311793215,0.014010507880910683,0.18072289156626506,0.06698564593301436,0.02809917355371901,0.011437908496732025,0.11456628477905073,0.005,0.15609756097560976,0.05901116427432217,0.011326860841423949,0.06965174129353234,0.06220839813374806,0.013311148086522463,0.041401273885350316,0.09747899159663866,0.049403747870528106,0.11848341232227488,0.13064516129032258,0.0732484076433121,0.0032626427406199023,0.1359375,0.09666666666666666,0.13793103448275862
1999,1,9,prevalence,0.02321724709784411,0.0673076923076923,0.003110419906687403,0.2422360248447205,0.05345911949685535,0.0,0.0068143100511073255,0.06699346405228758,0.0015503875968992248,0.0234375,0.0976,0.0864,0.11165048543689321,0.025252525252525252,0.03571428571428571,0.17606837606837608,0.023178807947019868,0.16998468606431852,0.029459901800327332,0.0352,0.06310679611650485,0.001610305958132045,0.03685092127303183,0.09577922077922078,0.07487520798668885,0.08652246256239601,0.0033112582781456954,0.17041800643086816,0.2053872053872054,0.12607944732297063,0.11836115326251896,0.11258278145695365,0.037267080745341616,0.09253246753246754,0.032520325203252036,0.0016129032258064516,0.1019786910197869,0.02,0.04213938411669368,0.013996889580093312,0.07223113964686999,0.0421216848673947,0.14096185737976782,0.1461794019933555,0.1454248366013072,0.1322314049586777,0.0,0.0272,0.0,0.04631217838765009,0.14960629921259844,0.013071895424836602,0.07628524046434494,0.07755775577557755,0.1523972602739726,0.06394316163410302,0.04146730462519936,0.17045454545454544,0.15182481751824817,0.030894308943089432,0.008116883116883116,0.05392156862745098,0.03343949044585987,0.003134796238244514,0.014516129032258065,0.0632279534109817,0.11345218800648298,0.07588532883642496,0.10367892976588629,0.06083086053412463,0.06796116504854369,0.1640625,0.03745928338762215,0.038917089678511,0.1703958691910499,0.0940032414910859,0.07559055118110236,0.05466237942122187,0.17391304347826086,0.10164424514200299,0.09271523178807947,0.058637083993660855,0.008116883116883116,0.008169934640522876,0.008361204013377926,0.07131782945736434,0.10766721044045677,0.05602716468590832,0.03877221324717286,0.02287581699346405,0.04809286898839138,0.11811023622047244,0.14634146341463414,0.03459637561779242,0.017377567140600316,0.011647254575707155,0.09792284866468842,0.0,0.05379746835443038,0.15748031496062992,0.10666666666666667,0.1634446397188049,0.02472952086553323,0.05238095238095238,0.12923076923076923,0.0690846286701209,0.029159519725557463,0.0457516339869281,0.01386481802426343,0.01669449081803005,0.018433179723502304,0.07142857142857142,0.10969793322734499,0.07947019867549669,0.001589825119236884,0.035058430717863104,0.06645569620253164,0.06220095693779904,0.0049261083743842365,0.0015527950310559005,0.05124223602484472,0.09197324414715718,0.05396825396825397,0.07487520798668885,0.08169934640522876,0.009041591320072333,0.006279434850863423,0.07413010590015129,0.07407407407407407,0.0411663807890223,0.04153354632587859,0.04669887278582931,0.057096247960848286,0.04404567699836868,0.045531197301854974,0.0,0.025236593059936908,0.06656346749226007,0.09187279151943463,0.11446740858505565,0.06622516556291391,0.0,0.19831932773109243,0.12178387650085763,0.047692307692307694,0.12664473684210525,0.025466893039049237,0.06688417618270799,0.07692307692307693,0.049342105263157895,0.04470198675496689,0.05813953488372093,0.066006600660066,0.09271523178807947,0.07980456026058631,0.061872909698996656,0.08031496062992126,0.1632,0.0061823802163833074,0.0,0.08695652173913043,0.056962025316455694,0.04712041884816754,0.1762820512820513,0.05387205387205387,0.11774193548387096,0.015455950540958269,0.0657672849915683,0.0631911532385466,0.0030349013657056147,0.02576489533011272,0.13504823151125403,0.09238249594813615,0.038523274478330656,0.08837209302325581,0.06655290102389079,0.09807073954983923,0.013468013468013467,0.2288261515601783,0.0704,0.021702838063439065,0.009615384615384616,0.12641815235008103,0.015228426395939087,0.14761904761904762,0.038834951456310676,0.013179571663920923,0.09586776859504133,0.08091603053435115,0.01631321370309951,0.041990668740279936,0.10099337748344371,0.03709949409780776,0.10223642172523961,0.2146341463414634,0.048465266558966075,0.00819672131147541,0.12480499219968799,0.08080808080808081,0.12559618441971382
2000,1,9,prevalence,0.034482758620689655,0.06549520766773163,0.0062402496099844,0.22325581395348837,0.059748427672955975,0.0,0.006791171477079796,0.04262295081967213,0.007874015748031496,0.02711323763955343,0.08250825082508251,0.11764705882352941,0.09516129032258064,0.041736227045075125,0.031055900621118012,0.20034246575342465,0.019704433497536946,0.15555555555555556,0.031096563011456628,0.027552674230145867,0.05422647527910686,0.0016155088852988692,0.02097902097902098,0.0762987012987013,0.07236842105263158,0.06598984771573604,0.0016420361247947454,0.16169544740973313,0.21702838063439064,0.10085470085470086,0.07608695652173914,0.10221465076660988,0.04100946372239748,0.12335526315789473,0.0322061191626409,0.0016051364365971107,0.07704160246533127,0.013266998341625208,0.047775947281713346,0.021875,0.04516129032258064,0.06220095693779904,0.1696,0.15,0.0976,0.14357262103505844,0.0033003300330033004,0.0180623973727422,0.0,0.0547008547008547,0.16329704510108864,0.0065040650406504065,0.07131011608623548,0.0762987012987013,0.20689655172413793,0.059130434782608696,0.03685897435897436,0.17470881863560733,0.20262390670553937,0.030844155844155844,0.006756756756756757,0.060955518945634266,0.03908794788273615,0.015748031496062992,0.022617124394184167,0.06655574043261231,0.1109375,0.07603305785123966,0.11582381729200653,0.06134969325153374,0.0878594249201278,0.11926605504587157,0.02384737678855326,0.028192371475953566,0.14795918367346939,0.0924092409240924,0.07120253164556962,0.04838709677419355,0.15813253012048192,0.1400304414003044,0.11677631578947369,0.05144694533762058,0.003236245954692557,0.004862236628849271,0.01730103806228374,0.0705521472392638,0.11620294599018004,0.048494983277591976,0.06016260162601626,0.016420361247947456,0.05714285714285714,0.12421383647798742,0.14774494556765164,0.05564924114671164,0.012841091492776886,0.019769357495881382,0.07796101949025487,0.007886435331230283,0.03262642740619902,0.15062111801242237,0.08103448275862069,0.16998191681735986,0.031201248049921998,0.05873015873015873,0.1310452418096724,0.070298769771529,0.011965811965811967,0.03398058252427184,0.019197207678883072,0.02159468438538206,0.024806201550387597,0.059748427672955975,0.08333333333333333,0.07666666666666666,0.0,0.04597701149425287,0.05555555555555555,0.042833607907743,0.006633499170812604,0.001589825119236884,0.06584992343032159,0.11308562197092084,0.0878594249201278,0.07296849087893864,0.0667779632721202,0.003629764065335753,0.015625,0.10015408320493066,0.07784431137724551,0.046052631578947366,0.0449438202247191,0.0288,0.06487341772151899,0.05289256198347107,0.029310344827586206,0.0,0.0218408736349454,0.07727975270479134,0.09880749574105621,0.09273570324574962,0.07177814029363784,0.0,0.13953488372093023,0.09878682842287695,0.05388272583201268,0.11513157894736842,0.025597269624573378,0.07512520868113523,0.0680379746835443,0.041050903119868636,0.054365733113673806,0.10603588907014681,0.06435643564356436,0.09302325581395349,0.10491803278688525,0.05676126878130217,0.07395498392282958,0.15008431703204048,0.010736196319018405,0.0,0.08139534883720931,0.07009345794392523,0.038128249566724434,0.19617224880382775,0.07288135593220339,0.11074918566775244,0.014469453376205787,0.06343906510851419,0.05993690851735016,0.004518072289156626,0.0210016155088853,0.07903225806451612,0.07960199004975124,0.06853582554517133,0.05572755417956656,0.06462585034013606,0.08675078864353312,0.018425460636515914,0.21823617339312407,0.09165302782324058,0.012965964343598054,0.021241830065359478,0.1570945945945946,0.029259896729776247,0.11783960720130933,0.024115755627009645,0.004966887417218543,0.09380234505862646,0.0755287009063444,0.03015075376884422,0.02710843373493976,0.08955223880597014,0.08471760797342193,0.14641744548286603,0.183739837398374,0.05619834710743802,0.00847457627118644,0.09938837920489296,0.08952702702702703,0.13268608414239483
2001,1,9,prevalence,0.01951219512195122,0.07211538461538461,0.004709576138147566,0.15658914728682172,0.055205047318611984,0.0,0.0016891891891891893,0.048859934853420196,0.0109375,0.04501607717041801,0.06375838926174497,0.10610932475884244,0.0848,0.04383116883116883,0.03852080123266564,0.22998296422487224,0.013422818791946308,0.1607669616519174,0.04065040650406504,0.025559105431309903,0.04292527821939587,0.0,0.023809523809523808,0.09225700164744646,0.05272108843537415,0.06611570247933884,0.0065040650406504065,0.10204081632653061,0.17560975609756097,0.058823529411764705,0.052795031055900624,0.07719298245614035,0.050793650793650794,0.07836456558773425,0.044585987261146494,0.0,0.0848,0.020100502512562814,0.07352941176470588,0.010687022900763359,0.06026058631921824,0.08146964856230032,0.16185897435897437,0.171900826446281,0.10784313725490197,0.1611295681063123,0.004830917874396135,0.014802631578947368,0.0,0.0547008547008547,0.16293929712460065,0.0016611295681063123,0.07388316151202749,0.09872611464968153,0.1731748726655348,0.05272407732864675,0.02047244094488189,0.13290113452188007,0.20144927536231885,0.027331189710610933,0.0033613445378151263,0.08346972176759411,0.04552845528455285,0.03194888178913738,0.02258064516129032,0.05546218487394958,0.11728395061728394,0.08210180623973727,0.11129848229342328,0.06376360808709176,0.12175324675324675,0.12149532710280374,0.024549918166939442,0.023026315789473683,0.13136288998357964,0.09717868338557993,0.06885245901639345,0.045813586097946286,0.15639097744360902,0.11463046757164404,0.09672131147540984,0.08186195826645265,0.009836065573770493,0.003105590062111801,0.02385008517887564,0.04892966360856269,0.1426256077795786,0.05574324324324324,0.04487179487179487,0.01864406779661017,0.07142857142857142,0.11260504201680673,0.10185185185185185,0.06756756756756757,0.022257551669316374,0.02768729641693811,0.052870090634441085,0.014492753623188406,0.03814262023217247,0.18952234206471494,0.08278145695364239,0.20175438596491227,0.05040650406504065,0.044407894736842105,0.1203125,0.07078039927404718,0.013745704467353952,0.03605015673981191,0.02329450915141431,0.03322259136212625,0.021241830065359478,0.04573170731707317,0.08267090620031796,0.061461794019933555,0.011382113821138212,0.06010016694490818,0.046052631578947366,0.04153354632587859,0.008532423208191127,0.0016051364365971107,0.07317073170731707,0.11221122112211221,0.13957307060755336,0.0632279534109817,0.07293354943273905,0.0035398230088495575,0.01610305958132045,0.12130637636080871,0.06821705426356589,0.05032467532467533,0.03271028037383177,0.05081967213114754,0.11219512195121951,0.04809286898839138,0.01384083044982699,0.0016501650165016502,0.02086677367576244,0.0514820592823713,0.07894736842105263,0.09020217729393468,0.06482982171799027,0.0,0.14285714285714285,0.10051107325383304,0.07096774193548387,0.14262295081967213,0.030456852791878174,0.060240963855421686,0.07366771159874608,0.04785478547854786,0.037520391517128875,0.12479201331114809,0.031746031746031744,0.09421487603305785,0.09854604200323101,0.05582137161084529,0.06666666666666667,0.14262820512820512,0.007598784194528876,0.0016181229773462784,0.05472636815920398,0.07484076433121019,0.031088082901554404,0.17683881064162754,0.09106239460370995,0.12379421221864952,0.013071895424836602,0.07288135593220339,0.06403940886699508,0.0030864197530864196,0.01929260450160772,0.05071315372424723,0.05090311986863711,0.07366771159874608,0.06570512820512821,0.06907894736842106,0.07275541795665634,0.010309278350515464,0.21266968325791855,0.09238249594813615,0.026101141924959218,0.0467741935483871,0.13245033112582782,0.04482758620689655,0.125,0.026194144838212634,0.00322061191626409,0.08247422680412371,0.08204334365325078,0.03231017770597738,0.02457757296466974,0.08803986710963455,0.09306260575296109,0.12980769230769232,0.137987012987013,0.05186385737439222,0.0032414910858995136,0.12693498452012383,0.059602649006622516,0.13875598086124402
2002,1,9,prevalence,0.0234375,0.09618573797678276,0.0016233766233766235,0.15873015873015872,0.03265940902021773,0.0,0.013245033112582781,0.050955414012738856,0.018957345971563982,0.044481054365733116,0.048465266558966075,0.14935064935064934,0.09554140127388536,0.06456953642384106,0.04704097116843703,0.20819112627986347,0.018425460636515914,0.16041979010494753,0.07177033492822966,0.01746031746031746,0.08874801901743265,0.004878048780487805,0.035897435897435895,0.077834179357022,0.05199306759098787,0.06260869565217392,0.004846526655896607,0.08265802269043761,0.1685214626391097,0.043478260869565216,0.06944444444444445,0.0595446584938704,0.04936305732484077,0.11336717428087986,0.03328050713153724,0.0,0.11256117455138662,0.013333333333333334,0.09120521172638436,0.0078125,0.04220779220779221,0.08012820512820513,0.14748784440842788,0.18120805369127516,0.0755336617405583,0.1485148514851485,0.0,0.022653721682847898,0.0016339869281045752,0.06521739130434782,0.17504051863857376,0.004909983633387889,0.05360134003350084,0.10485133020344288,0.17077175697865354,0.05172413793103448,0.01757188498402556,0.11900826446280992,0.20494186046511628,0.01932367149758454,0.0033500837520938024,0.0734094616639478,0.05194805194805195,0.03231017770597738,0.02926829268292683,0.04778156996587031,0.07568438003220612,0.08874801901743265,0.10806451612903226,0.061128526645768025,0.15220949263502456,0.11335403726708075,0.02090032154340836,0.017628205128205128,0.13322368421052633,0.12025316455696203,0.05709342560553633,0.07716535433070866,0.1618320610687023,0.08079268292682927,0.08064516129032258,0.07768595041322314,0.0048543689320388345,0.009508716323296355,0.024549918166939442,0.041666666666666664,0.1301482701812191,0.05454545454545454,0.042071197411003236,0.015202702702702704,0.054817275747508304,0.0919931856899489,0.08490566037735849,0.09212730318257957,0.01800327332242226,0.027419354838709678,0.03211009174311927,0.001658374792703151,0.05723905723905724,0.15844544095665172,0.09797297297297297,0.2097902097902098,0.09134615384615384,0.028960817717206135,0.12030075187969924,0.08741258741258741,0.02249134948096886,0.057692307692307696,0.028333333333333332,0.03832752613240418,0.022690437601296597,0.03720238095238095,0.08116883116883117,0.05650684931506849,0.047619047619047616,0.06467661691542288,0.039538714991762765,0.03289473684210526,0.01335559265442404,0.0016025641025641025,0.06451612903225806,0.11129848229342328,0.18801996672212978,0.06991869918699187,0.06158833063209076,0.00859106529209622,0.022913256955810146,0.0816,0.10485133020344288,0.059870550161812294,0.041666666666666664,0.0512396694214876,0.13435374149659865,0.05140961857379768,0.028286189683860232,0.0016181229773462784,0.01938610662358643,0.07131537242472266,0.04521739130434783,0.0847457627118644,0.059800664451827246,0.0,0.11900826446280992,0.11683848797250859,0.07898894154818326,0.09636650868878358,0.02622950819672131,0.10745233968804159,0.08455284552845528,0.07592891760904685,0.059375,0.12643678160919541,0.04823151125401929,0.08833333333333333,0.08752025931928688,0.0484375,0.05362776025236593,0.1421647819063005,0.006144393241167435,0.0016129032258064516,0.054187192118226604,0.075,0.01877133105802048,0.13884555382215288,0.09836065573770492,0.16006600660066006,0.011419249592169658,0.05802047781569966,0.0707395498392283,0.0032102728731942215,0.02,0.04700162074554295,0.04107424960505529,0.056451612903225805,0.07142857142857142,0.07833333333333334,0.08695652173913043,0.010273972602739725,0.16591251885369532,0.06645569620253164,0.04133545310015898,0.0701468189233279,0.1248,0.03735144312393888,0.10333333333333333,0.03968253968253968,0.0016339869281045752,0.0730050933786078,0.0887218045112782,0.04234527687296417,0.015552099533437015,0.12357723577235773,0.08290155440414508,0.09813084112149532,0.12458471760797342,0.03987240829346093,0.003236245954692557,0.12277867528271405,0.04669887278582931,0.11392405063291139
2003,1,9,prevalence,0.01929260450160772,0.12077294685990338,0.008,0.17432646592709986,0.04383116883116883,0.0,0.011725293132328308,0.04132231404958678,0.03968253968253968,0.046822742474916385,0.03904923599320883,0.12238325281803543,0.10543657331136738,0.05032467532467533,0.0625,0.17828200972447325,0.018032786885245903,0.13692307692307693,0.07317073170731707,0.021346469622331693,0.09047619047619047,0.00487012987012987,0.024263431542461005,0.08739495798319327,0.05136986301369863,0.04363001745200698,0.014469453376205787,0.09017713365539452,0.1592775041050903,0.07106598984771574,0.06466876971608833,0.06462585034013606,0.048513302034428794,0.09358752166377816,0.012841091492776886,0.0,0.11409395973154363,0.024429967426710098,0.10264900662251655,0.012326656394453005,0.060897435897435896,0.11326860841423948,0.11986863711001643,0.17694805194805194,0.08133971291866028,0.1636060100166945,0.004901960784313725,0.011308562197092083,0.009584664536741214,0.07575757575757576,0.15,0.014469453376205787,0.04406779661016949,0.10126582278481013,0.1650943396226415,0.05016722408026756,0.02254428341384863,0.12274959083469722,0.1595900439238653,0.03618421052631579,0.004991680532445923,0.05339805825242718,0.05636070853462158,0.07051282051282051,0.031496062992125984,0.051666666666666666,0.07042253521126761,0.10476190476190476,0.11802232854864433,0.05457463884430177,0.196513470681458,0.0976,0.025356576862123614,0.01929260450160772,0.09966777408637874,0.1253968253968254,0.055846422338568937,0.10651828298887123,0.18601190476190477,0.07668231611893583,0.05114638447971781,0.1035653650254669,0.010084033613445379,0.013114754098360656,0.019769357495881382,0.026438569206842923,0.20358306188925082,0.057724957555178265,0.06446280991735537,0.020134228187919462,0.06497622820919176,0.08347245409015025,0.0945273631840796,0.11092985318107668,0.01594896331738437,0.01288244766505636,0.0483619344773791,0.013179571663920923,0.07003257328990228,0.1456752655538695,0.11148648648648649,0.12717770034843207,0.08731466227347612,0.034013605442176874,0.12272727272727273,0.09027777777777778,0.022887323943661973,0.04411764705882353,0.02996845425867508,0.02782608695652174,0.018211920529801324,0.055900621118012424,0.0784,0.051839464882943144,0.06785137318255251,0.07512520868113523,0.04560260586319218,0.04492512479201331,0.011804384485666104,0.0,0.12,0.11,0.14918032786885246,0.06188925081433225,0.06743421052631579,0.011382113821138212,0.02903225806451613,0.06456953642384106,0.1450381679389313,0.046052631578947366,0.05466237942122187,0.06229508196721312,0.12871287128712872,0.05090311986863711,0.01839464882943144,0.0015772870662460567,0.02593192868719611,0.1059190031152648,0.06007067137809187,0.07436708860759493,0.08517887563884156,0.0,0.09409888357256778,0.15358931552587646,0.0707395498392283,0.0784,0.031746031746031744,0.10445205479452055,0.09210526315789473,0.07894736842105263,0.07407407407407407,0.135678391959799,0.06572769953051644,0.08020477815699659,0.05950413223140496,0.04595879556259905,0.03881987577639751,0.16903633491311215,0.010736196319018405,0.0015748031496062992,0.061389337641357025,0.09657320872274143,0.025041736227045076,0.15584415584415584,0.09405940594059406,0.09359605911330049,0.022082018927444796,0.05564648117839607,0.08090614886731391,0.0032733224222585926,0.041666666666666664,0.03864734299516908,0.04942339373970346,0.054313099041533544,0.07142857142857142,0.05190311418685121,0.096,0.013333333333333334,0.12710566615620214,0.04094488188976378,0.06310679611650485,0.07894736842105263,0.15789473684210525,0.03350083752093802,0.07641196013289037,0.027243589743589744,0.008183306055646482,0.06896551724137931,0.08774583963691376,0.05718954248366013,0.012718600953895072,0.13976705490848584,0.06818181818181818,0.09394904458598727,0.1509433962264151,0.02936378466557912,0.00974025974025974,0.12155591572123177,0.041736227045075125,0.12082670906200318
2004,1,9,prevalence,0.0256,0.14653784219001612,0.001610305958132045,0.1685575364667747,0.07952622673434856,0.008038585209003215,0.02348993288590604,0.06451612903225806,0.05071315372424723,0.07178631051752922,0.05254237288135593,0.0919175911251981,0.08530805687203792,0.03761755485893417,0.06891271056661562,0.1772357723577236,0.02768729641693811,0.10708661417322834,0.08450704225352113,0.016835016835016835,0.13978494623655913,0.004862236628849271,0.0313588850174216,0.0728476821192053,0.035897435897435895,0.04409171075837742,0.04145936981757877,0.1291390728476821,0.10662358642972536,0.0755336617405583,0.09554140127388536,0.0457516339869281,0.05023547880690738,0.10260869565217391,0.017741935483870968,0.0,0.10927152317880795,0.04276315789473684,0.12374581939799331,0.023923444976076555,0.06168831168831169,0.10726072607260725,0.11605723370429252,0.1757188498402556,0.11183144246353323,0.1793103448275862,0.0048,0.011532125205930808,0.008103727714748784,0.10819672131147541,0.1343042071197411,0.009569377990430622,0.07718696397941681,0.08012326656394453,0.12828438948995363,0.07867132867132867,0.022913256955810146,0.08333333333333333,0.1689291101055807,0.022033898305084745,0.006568144499178982,0.09409888357256778,0.06301824212271974,0.11968503937007874,0.05246422893481717,0.05631399317406143,0.08818897637795275,0.09161490683229814,0.1320754716981132,0.0490506329113924,0.2076923076923077,0.09294871794871795,0.033123028391167195,0.022257551669316374,0.1016949152542373,0.13996889580093314,0.04152249134948097,0.13522012578616352,0.17717717717717718,0.08809891808346214,0.05555555555555555,0.08858603066439523,0.005042016806722689,0.027243589743589744,0.03079416531604538,0.023255813953488372,0.12929623567921442,0.03588907014681892,0.07177814029363784,0.012987012987012988,0.03955696202531646,0.10463121783876501,0.11314475873544093,0.10662358642972536,0.022508038585209004,0.009708737864077669,0.028481012658227847,0.02618657937806874,0.060955518945634266,0.12388059701492538,0.11577181208053691,0.1206896551724138,0.115,0.04482758620689655,0.106544901065449,0.09137931034482759,0.029411764705882353,0.032520325203252036,0.029315960912052116,0.019538188277087035,0.011884550084889643,0.06389776357827476,0.12478920741989882,0.07246376811594203,0.08441558441558442,0.07881773399014778,0.05591054313099041,0.05982905982905983,0.021996615905245348,0.0,0.14045801526717558,0.10367892976588629,0.1825657894736842,0.06016260162601626,0.07925801011804384,0.006379585326953748,0.10316139767054909,0.021103896103896104,0.1435114503816794,0.05929487179487179,0.06645569620253164,0.09193548387096774,0.12372881355932204,0.048465266558966075,0.011705685618729096,0.0016233766233766235,0.02388535031847134,0.09546165884194054,0.08089500860585198,0.05196850393700787,0.11003236245954692,0.0,0.08466453674121406,0.10163934426229508,0.1040650406504065,0.07881773399014778,0.030894308943089432,0.11467116357504216,0.0651085141903172,0.0732899022801303,0.06574923547400612,0.11577181208053691,0.06446540880503145,0.052805280528052806,0.04674457429048414,0.06842923794712286,0.05642633228840126,0.1767515923566879,0.003134796238244514,0.0,0.04854368932038835,0.10662358642972536,0.017828200972447326,0.14331210191082802,0.10737179487179487,0.09195402298850575,0.0380952380952381,0.05025125628140704,0.13449367088607594,0.009836065573770493,0.07766990291262135,0.024115755627009645,0.031932773109243695,0.05660377358490566,0.09242424242424242,0.05344827586206897,0.09415584415584416,0.013201320132013201,0.1004566210045662,0.024115755627009645,0.1312,0.09713375796178345,0.15555555555555556,0.038397328881469114,0.09417808219178082,0.04173354735152488,0.015280135823429542,0.0800711743772242,0.07441860465116279,0.06885245901639345,0.018779342723004695,0.15161290322580645,0.0663265306122449,0.06339144215530904,0.13787085514834205,0.01309328968903437,0.014705882352941176,0.10726072607260725,0.05289256198347107,0.11935483870967742
2005,1,9,prevalence,0.027419354838709678,0.1201923076923077,0.0032,0.17258064516129032,0.0722495894909688,0.010869565217391304,0.03305785123966942,0.07512520868113523,0.09001636661211129,0.06199021207177814,0.049019607843137254,0.09630818619582665,0.06666666666666667,0.02388535031847134,0.06656580937972768,0.15079365079365079,0.036303630363036306,0.11006289308176101,0.09032258064516129,0.0231023102310231,0.2196620583717358,0.003257328990228013,0.04886561954624782,0.05695142378559464,0.02555366269165247,0.04521739130434783,0.037520391517128875,0.15771812080536912,0.10443037974683544,0.0944,0.0685805422647528,0.051580698835274545,0.04608294930875576,0.07665505226480836,0.02086677367576244,0.0,0.12561174551386622,0.05823627287853577,0.13087248322147652,0.026984126984126985,0.12641815235008103,0.09849749582637729,0.13665594855305466,0.1396103896103896,0.125,0.16859504132231404,0.0032258064516129032,0.006557377049180328,0.011308562197092083,0.10869565217391304,0.12841091492776885,0.004792332268370607,0.09671848013816926,0.12738853503184713,0.1189358372456964,0.08839779005524862,0.041666666666666664,0.10869565217391304,0.11951588502269289,0.02910958904109589,0.006589785831960461,0.09713375796178345,0.06372549019607843,0.17235772357723578,0.044233807266982623,0.04643449419568822,0.11609907120743033,0.07198748043818466,0.1187800963081862,0.06535947712418301,0.16510903426791276,0.10032362459546926,0.026813880126182965,0.032362459546925564,0.09797297297297297,0.12654320987654322,0.043936731107205626,0.1344,0.15193798449612403,0.08399366085578447,0.06379310344827586,0.05546218487394958,0.003367003367003367,0.051036682615629984,0.027914614121510674,0.03538461538461538,0.12374581939799331,0.04111842105263158,0.10543130990415335,0.007849293563579277,0.04430379746835443,0.08333333333333333,0.07394957983193277,0.09803921568627451,0.024311183144246355,0.01579778830963665,0.01288244766505636,0.03870967741935484,0.04817275747508306,0.0819423368740516,0.09047619047619047,0.1281198003327787,0.18,0.04258943781942078,0.10397553516819572,0.061855670103092786,0.020689655172413793,0.046849757673667204,0.024350649350649352,0.014035087719298246,0.013582342954159592,0.06307692307692307,0.1761744966442953,0.1073170731707317,0.07881773399014778,0.08250825082508251,0.04597701149425287,0.034482758620689655,0.02735042735042735,0.0,0.17417417417417416,0.15551839464882944,0.1307300509337861,0.06743421052631579,0.09967320261437909,0.008012820512820512,0.22628951747088186,0.014729950900163666,0.13559322033898305,0.05921052631578947,0.06761006289308176,0.10474631751227496,0.11442786069651742,0.03739837398373984,0.013029315960912053,0.0016233766233766235,0.026604068857589983,0.10542635658914729,0.059422750424448216,0.05873015873015873,0.09220985691573927,0.0,0.0825242718446602,0.08130081300813008,0.11726384364820847,0.0529595015576324,0.015050167224080268,0.12790697674418605,0.01990049751243781,0.08557046979865772,0.06144393241167435,0.11538461538461539,0.08038585209003216,0.03915171288743882,0.030100334448160536,0.06515151515151515,0.07776049766718507,0.20347003154574134,0.004761904761904762,0.0,0.065,0.10726072607260725,0.012861736334405145,0.15161290322580645,0.11001642036124795,0.10466988727858294,0.04874213836477988,0.0453781512605042,0.14037854889589904,0.017857142857142856,0.08914100486223663,0.014975041597337771,0.03459637561779242,0.05023547880690738,0.11826347305389222,0.04426229508196721,0.07355242566510173,0.032362459546925564,0.08641975308641975,0.021035598705501618,0.13408723747980614,0.12913385826771653,0.14150943396226415,0.06403940886699508,0.08919382504288165,0.025974025974025976,0.010344827586206896,0.050788091068301226,0.0483619344773791,0.061258278145695365,0.023291925465838508,0.16908212560386474,0.053082191780821915,0.07281553398058252,0.11336717428087986,0.022838499184339316,0.03547297297297297,0.07269789983844911,0.05161290322580645,0.11514195583596215
2006,1,9,prevalence,0.03425774877650897,0.17084639498432602,0.008116883116883116,0.19395866454689983,0.0779436152570481,0.006269592476489028,0.029508196721311476,0.09380234505862646,0.07704918032786885,0.06525285481239804,0.03488372093023256,0.07928802588996764,0.05873015873015873,0.02631578947368421,0.09715994020926756,0.1264559068219634,0.05245901639344262,0.1444805194805195,0.09967845659163987,0.03523489932885906,0.22468354430379747,0.004942339373970346,0.06844741235392321,0.06935483870967742,0.02287581699346405,0.06164383561643835,0.06885245901639345,0.1879310344827586,0.09034267912772585,0.09657320872274143,0.05457463884430177,0.05518394648829431,0.0448,0.09847198641765705,0.028481012658227847,0.0032102728731942215,0.16506410256410256,0.06085526315789474,0.11072664359861592,0.034161490683229816,0.11410459587955626,0.08375209380234507,0.1008130081300813,0.12866449511400652,0.1589825119236884,0.15630252100840336,0.003169572107765452,0.0,0.018633540372670808,0.1254180602006689,0.14308426073131955,0.011345218800648298,0.14629948364888123,0.11612903225806452,0.15109034267912771,0.07191780821917808,0.05140961857379768,0.08387096774193549,0.14467408585055644,0.021848739495798318,0.0016556291390728477,0.15213946117274169,0.08925619834710743,0.18307692307692308,0.0390625,0.04132231404958678,0.1435114503816794,0.0840064620355412,0.13153724247226625,0.05527638190954774,0.1726844583987441,0.07142857142857142,0.020155038759689922,0.0219435736677116,0.10118043844856661,0.12461538461538461,0.031746031746031744,0.1263482280431433,0.13862928348909656,0.12460063897763578,0.06312292358803986,0.03747870528109029,0.0017211703958691911,0.07086614173228346,0.030201342281879196,0.04100946372239748,0.11386138613861387,0.0288,0.09807073954983923,0.014150943396226415,0.04186795491143317,0.06885245901639345,0.0657672849915683,0.13398692810457516,0.03779527559055118,0.0141287284144427,0.020537124802527645,0.04952076677316294,0.05695142378559464,0.07014925373134329,0.09807073954983923,0.12312811980033278,0.1929530201342282,0.022452504317789293,0.1362179487179487,0.04436860068259386,0.020942408376963352,0.03398058252427184,0.030063291139240507,0.006944444444444444,0.013651877133105802,0.10730948678071539,0.2440677966101695,0.1653290529695024,0.10714285714285714,0.060655737704918035,0.04873949579831933,0.03304347826086956,0.022452504317789293,0.003246753246753247,0.19384615384615383,0.12333333333333334,0.11663807890222985,0.08,0.11396468699839486,0.008012820512820512,0.33980582524271846,0.02364864864864865,0.16329704510108864,0.05448717948717949,0.04807692307692308,0.10618066561014262,0.10068259385665529,0.042483660130718956,0.01615508885298869,0.0016339869281045752,0.02694136291600634,0.1796875,0.06867671691792294,0.06980273141122914,0.08874801901743265,0.0016638935108153079,0.09713375796178345,0.1069078947368421,0.10876623376623376,0.056338028169014086,0.02329450915141431,0.1672185430463576,0.02337228714524207,0.07859531772575251,0.07120743034055728,0.09228187919463088,0.09744408945686901,0.043478260869565216,0.027164685908319185,0.06605222734254992,0.04777070063694268,0.21461897356143078,0.006420545746388443,0.0,0.09477124183006536,0.1642512077294686,0.019704433497536946,0.11594202898550725,0.07097791798107256,0.11642743221690591,0.061191626409017714,0.040268456375838924,0.16476345840130505,0.021035598705501618,0.08493589743589744,0.008517887563884156,0.052980132450331126,0.05763239875389408,0.11295180722891567,0.03577512776831346,0.09105431309904154,0.034976152623211444,0.0578125,0.02247191011235955,0.12559618441971382,0.1614420062695925,0.16216216216216217,0.048252911813643926,0.08848080133555926,0.017543859649122806,0.0017152658662092624,0.05272407732864675,0.0379746835443038,0.07023411371237458,0.010852713178294573,0.13672496025437203,0.03236797274275979,0.07582938388625593,0.0657439446366782,0.03940886699507389,0.04522613065326633,0.06611570247933884,0.06677018633540373,0.128
2007,1,9,prevalence,0.03782894736842105,0.15813953488372093,0.003367003367003367,0.19409937888198758,0.09344262295081968,0.0110062893081761,0.05627009646302251,0.0958904109589041,0.06310679611650485,0.0848,0.04222972972972973,0.07049180327868852,0.06634304207119741,0.0361247947454844,0.11572700296735905,0.16071428571428573,0.06521739130434782,0.18949044585987262,0.06310679611650485,0.05132450331125828,0.25555555555555554,0.003110419906687403,0.05843071786310518,0.06885245901639345,0.032362459546925564,0.053156146179401995,0.06166666666666667,0.1734006734006734,0.06677265500794913,0.13871951219512196,0.05573248407643312,0.05324459234608985,0.033707865168539325,0.10367892976588629,0.0608,0.0032,0.11947626841243862,0.06382978723404255,0.09317803660565724,0.045813586097946286,0.12258064516129032,0.07003257328990228,0.10526315789473684,0.12305295950155763,0.13734567901234568,0.17052980132450332,0.001557632398753894,0.0,0.00967741935483871,0.09866220735785954,0.11916264090177134,0.024271844660194174,0.17513134851138354,0.11396468699839486,0.19504643962848298,0.039792387543252594,0.09562398703403566,0.08429752066115702,0.128,0.013333333333333334,0.00333889816360601,0.13665594855305466,0.07378335949764521,0.196513470681458,0.03464566929133858,0.04340836012861737,0.12558869701726844,0.0910569105691057,0.16,0.05084745762711865,0.11428571428571428,0.08904109589041095,0.025,0.02564102564102564,0.07868852459016394,0.11179173047473201,0.03368794326241135,0.10832025117739404,0.11234177215189874,0.11396468699839486,0.062193126022913256,0.03741496598639456,0.0,0.07221350078492936,0.04215851602023609,0.04159733777038269,0.10894308943089431,0.017828200972447326,0.06570512820512821,0.009345794392523364,0.028169014084507043,0.07167235494880546,0.06218487394957983,0.08401976935749589,0.05092592592592592,0.03387096774193549,0.03475513428120063,0.054838709677419356,0.057755775577557754,0.04484304932735426,0.14653784219001612,0.07960199004975124,0.15196078431372548,0.04786324786324787,0.12987012987012986,0.047377326565143825,0.014134275618374558,0.04032258064516129,0.01929260450160772,0.010291595197255575,0.021996615905245348,0.11682242990654206,0.24444444444444444,0.20064205457463885,0.19457735247208932,0.050590219224283306,0.040983606557377046,0.0297723292469352,0.02772963604852686,0.008012820512820512,0.2078125,0.13210702341137123,0.10535405872193437,0.10227272727272728,0.11822660098522167,0.012841091492776886,0.3114478114478115,0.03355704697986577,0.12923076923076923,0.07236842105263158,0.046801872074883,0.11639344262295082,0.07601351351351351,0.048154093097913325,0.011475409836065573,0.0033444816053511705,0.02258064516129032,0.2190923317683881,0.07765451664025357,0.14570552147239263,0.0984375,0.00505902192242833,0.11708860759493671,0.08986928104575163,0.08427876823338736,0.0565149136577708,0.028428093645484948,0.1715686274509804,0.018835616438356163,0.045075125208681135,0.08620689655172414,0.1038961038961039,0.0890302066772655,0.06027820710973725,0.03697478991596639,0.06307692307692307,0.06376360808709176,0.19400630914826497,0.00949367088607595,0.007692307692307693,0.11147540983606558,0.13398692810457516,0.021103896103896104,0.11059190031152648,0.06698564593301436,0.10832025117739404,0.07528641571194762,0.04950495049504951,0.17704918032786884,0.03745928338762215,0.12479740680713128,0.01001669449081803,0.06598984771573604,0.03215926493108729,0.11477987421383648,0.0297029702970297,0.09630818619582665,0.0452418096723869,0.04503105590062112,0.023734177215189875,0.15495207667731628,0.16908212560386474,0.1984375,0.057971014492753624,0.0743801652892562,0.012403100775193798,0.0,0.07155322862129145,0.059870550161812294,0.08193979933110368,0.012738853503184714,0.09763779527559055,0.022108843537414966,0.10093167701863354,0.06371681415929203,0.03980099502487562,0.09225700164744646,0.052100840336134456,0.08018867924528301,0.12788906009244994
2008,1,9,prevalence,0.04746317512274959,0.16793893129770993,0.015025041736227046,0.1765625,0.09090909090909091,0.012558869701726845,0.06372549019607843,0.06303236797274275,0.06935483870967742,0.09328968903436989,0.060655737704918035,0.13036303630363036,0.11378205128205128,0.022508038585209004,0.12349397590361445,0.16375198728139906,0.0681063122923588,0.25967741935483873,0.05843071786310518,0.05564387917329094,0.2267536704730832,0.0031746031746031746,0.04582651391162029,0.07899159663865546,0.03125,0.05872756933115824,0.07082630691399663,0.13705583756345177,0.06624605678233439,0.14678899082568808,0.04340836012861737,0.03166666666666667,0.04241435562805873,0.1206611570247934,0.0641025641025641,0.004746835443037975,0.12295081967213115,0.0784313725490196,0.09230769230769231,0.04669887278582931,0.141287284144427,0.045454545454545456,0.084375,0.14890282131661442,0.1453125,0.14513556618819776,0.007974481658692184,0.0,0.017770597738287562,0.09212730318257957,0.10714285714285714,0.04952076677316294,0.211340206185567,0.09693053311793215,0.1901743264659271,0.04878048780487805,0.1186161449752883,0.07894736842105263,0.10416666666666667,0.008517887563884156,0.004966887417218543,0.1296,0.06583072100313479,0.18253968253968253,0.0187207488299532,0.029459901800327332,0.1478537360890302,0.09294871794871795,0.14330218068535824,0.043478260869565216,0.10534591194968554,0.070298769771529,0.03322784810126582,0.027287319422150885,0.06393442622950819,0.1325115562403698,0.039316239316239315,0.10047095761381476,0.08709677419354839,0.12420382165605096,0.04590163934426229,0.05263157894736842,0.0017241379310344827,0.09621451104100946,0.05970149253731343,0.025682182985553772,0.12887438825448613,0.021172638436482084,0.07886435331230283,0.006097560975609756,0.01935483870967742,0.08488964346349745,0.09666666666666666,0.085667215815486,0.06456692913385827,0.04654895666131621,0.03215434083601286,0.05977382875605816,0.09149277688603531,0.0319634703196347,0.15097402597402598,0.09405940594059406,0.13029315960912052,0.0423728813559322,0.14630225080385853,0.05970149253731343,0.011986301369863013,0.06200317965023847,0.009419152276295133,0.008741258741258742,0.032948929159802305,0.144,0.1718213058419244,0.18641390205371247,0.3059581320450886,0.06589785831960461,0.04658901830282862,0.023931623931623933,0.05381944444444445,0.016025641025641024,0.19329073482428116,0.16776315789473684,0.10278745644599303,0.1001669449081803,0.09076175040518639,0.011146496815286623,0.2599337748344371,0.02823920265780731,0.1339712918660287,0.09446254071661238,0.035982008995502246,0.1406003159557662,0.0782312925170068,0.0492845786963434,0.019261637239165328,0.006389776357827476,0.02593192868719611,0.23937007874015748,0.04186795491143317,0.13862928348909656,0.11509715994020926,0.030744336569579287,0.13964686998394862,0.07692307692307693,0.10339256865912763,0.050314465408805034,0.03889789303079417,0.16363636363636364,0.04492512479201331,0.0499194847020934,0.07849293563579278,0.11363636363636363,0.0890625,0.05828220858895705,0.05714285714285714,0.0779816513761468,0.06349206349206349,0.1552,0.02190923317683881,0.010606060606060607,0.1118421052631579,0.176,0.029556650246305417,0.1346749226006192,0.0713128038897893,0.14285714285714285,0.07290015847860538,0.05537459283387622,0.17024793388429751,0.044585987261146494,0.08925619834710743,0.008741258741258742,0.0547945205479452,0.028708133971291867,0.10914927768860354,0.01652892561983471,0.1118421052631579,0.04451510333863275,0.046511627906976744,0.02564102564102564,0.14959349593495935,0.17425431711145997,0.2301710730948678,0.07655502392344497,0.07979626485568761,0.007961783439490446,0.0017391304347826088,0.06932409012131716,0.06568144499178982,0.08783783783783784,0.019448946515397084,0.08675078864353312,0.013333333333333334,0.08634222919937205,0.06227758007117438,0.07717569786535304,0.10855263157894737,0.07666666666666666,0.07776049766718507,0.11594202898550725
2009,1,9,prevalence,0.060955518945634266,0.18701700154559506,0.01353637901861252,0.16823899371069181,0.08823529411764706,0.01437699680511182,0.07507987220447285,0.06484641638225255,0.11774193548387096,0.10277324632952692,0.051666666666666666,0.11276948590381426,0.11624203821656051,0.03709949409780776,0.1411589895988113,0.15472312703583063,0.05527638190954774,0.2740619902120718,0.07692307692307693,0.08466453674121406,0.19032258064516128,0.0032102728731942215,0.05492730210016155,0.09215017064846416,0.026490066225165563,0.05511811023622047,0.09715242881072027,0.11282051282051282,0.1043338683788122,0.13608562691131498,0.05388272583201268,0.05237315875613748,0.047775947281713346,0.10749185667752444,0.05663430420711974,0.007886435331230283,0.13738019169329074,0.07154471544715447,0.08045977011494253,0.044481054365733116,0.125,0.03209459459459459,0.11653543307086614,0.10651828298887123,0.13322884012539185,0.11254019292604502,0.02021772939346812,0.0,0.02159468438538206,0.08401976935749589,0.09302325581395349,0.07085346215780998,0.24528301886792453,0.1353135313531353,0.15508885298869143,0.0328719723183391,0.12175324675324675,0.06862745098039216,0.12845528455284552,0.005172413793103448,0.0032626427406199023,0.11216429699842022,0.07348242811501597,0.14803149606299212,0.025236593059936908,0.020202020202020204,0.16747181964573268,0.10423452768729642,0.17398119122257052,0.04865771812080537,0.07941653160453808,0.06304728546409807,0.072,0.01751592356687898,0.0784313725490196,0.12691131498470948,0.05414551607445008,0.10920436817472699,0.0976,0.13782051282051283,0.025518341307814992,0.058823529411764705,0.015789473684210527,0.11451612903225807,0.0628099173553719,0.006535947712418301,0.08666666666666667,0.011608623548922056,0.071875,0.0046439628482972135,0.026272577996715927,0.09243697478991597,0.10333333333333333,0.10289389067524116,0.09584664536741214,0.047619047619047616,0.05564387917329094,0.061708860759493674,0.09424920127795527,0.025757575757575757,0.1126984126984127,0.07281553398058252,0.11538461538461539,0.07401315789473684,0.15630252100840336,0.09508196721311475,0.02027027027027027,0.08225806451612903,0.011075949367088608,0.012280701754385965,0.03588907014681892,0.12755905511811025,0.15584415584415584,0.19682539682539682,0.28659476117103233,0.08265802269043761,0.0467741935483871,0.01644736842105263,0.077834179357022,0.02576489533011272,0.1532258064516129,0.1658291457286432,0.07560137457044673,0.09165302782324058,0.06279434850863422,0.020537124802527645,0.2019704433497537,0.051666666666666666,0.10294117647058823,0.14262295081967213,0.034023668639053255,0.16483516483516483,0.09982486865148861,0.06366459627329192,0.023474178403755867,0.007874015748031496,0.027070063694267517,0.2012779552715655,0.05518394648829431,0.14756671899529042,0.0724191063174114,0.04975922953451043,0.13141025641025642,0.09967845659163987,0.07441860465116279,0.04395604395604396,0.04304635761589404,0.19395866454689983,0.03333333333333333,0.07961783439490445,0.11056910569105691,0.11414790996784566,0.15193798449612403,0.07822085889570553,0.05970149253731343,0.0928462709284627,0.06359300476947535,0.18277945619335348,0.02694136291600634,0.016845329249617153,0.14536741214057508,0.15798045602605862,0.026446280991735537,0.15805946791862285,0.08116883116883117,0.14446227929373998,0.09316770186335403,0.06070287539936102,0.19801980198019803,0.04643962848297214,0.08754208754208755,0.010291595197255575,0.033112582781456956,0.012903225806451613,0.1539708265802269,0.014218009478672985,0.13517915309446255,0.0397456279809221,0.0762987012987013,0.025559105431309903,0.11480865224625623,0.17591125198098256,0.19656786271450857,0.11483253588516747,0.09605488850771869,0.008,0.0017152658662092624,0.07470288624787776,0.05272108843537415,0.07450331125827815,0.014634146341463415,0.06907894736842106,0.0033444816053511705,0.0995260663507109,0.10296684118673648,0.1118421052631579,0.12845528455284552,0.0576271186440678,0.05247376311844078,0.09621451104100946
2010,1,9,prevalence,0.06578947368421052,0.21428571428571427,0.03316749585406302,0.15590551181102363,0.0959349593495935,0.02727272727272727,0.12539184952978055,0.08986928104575163,0.12186978297161936,0.11475409836065574,0.051580698835274545,0.10806451612903226,0.11580594679186229,0.018739352640545145,0.17220543806646527,0.15714285714285714,0.07119741100323625,0.1964573268921095,0.06429780033840947,0.09888357256778309,0.17543859649122806,0.0016207455429497568,0.03198653198653199,0.11204013377926421,0.031496062992125984,0.04595879556259905,0.0912106135986733,0.1540983606557377,0.09951060358890701,0.1308411214953271,0.08507223113964688,0.09001636661211129,0.05806451612903226,0.1492776886035313,0.09983361064891846,0.011128775834658187,0.11568938193343899,0.07704654895666131,0.08433734939759036,0.0576271186440678,0.11093247588424437,0.021775544388609715,0.1166407465007776,0.07753164556962025,0.10883280757097792,0.09433962264150944,0.014218009478672985,0.0015698587127158557,0.011532125205930808,0.06913996627318718,0.08064516129032258,0.11007751937984496,0.17109634551495018,0.20723684210526316,0.10114192495921696,0.026755852842809364,0.06570512820512821,0.0929853181076672,0.14545454545454545,0.0016863406408094434,0.001658374792703151,0.09523809523809523,0.06656580937972768,0.1298904538341158,0.02664576802507837,0.013377926421404682,0.17258064516129032,0.11092985318107668,0.1787974683544304,0.04576271186440678,0.060995184590690206,0.06533575317604355,0.05362776025236593,0.028846153846153848,0.0805921052631579,0.0984375,0.06040268456375839,0.12063492063492064,0.08723747980613894,0.11774193548387096,0.013008130081300813,0.07760141093474426,0.04786324786324787,0.10950080515297907,0.04697986577181208,0.01639344262295082,0.07785467128027682,0.017741935483870968,0.06991869918699187,0.0030816640986132513,0.03225806451612903,0.08227848101265822,0.08333333333333333,0.11146496815286625,0.15372168284789645,0.056572379367720464,0.09508196721311475,0.07919254658385093,0.10776545166402536,0.030911901081916538,0.1312,0.09151414309484193,0.08387096774193549,0.0946372239747634,0.1588628762541806,0.08585055643879173,0.015437392795883362,0.07540983606557378,0.004739336492890996,0.010507880910683012,0.03231017770597738,0.16393442622950818,0.13705583756345177,0.15849673202614378,0.2417910447761194,0.09350237717908082,0.039619651347068144,0.01669449081803005,0.05040650406504065,0.00975609756097561,0.14262023217247097,0.18107667210440456,0.06557377049180328,0.12420382165605096,0.05405405405405406,0.03436988543371522,0.11292962356792144,0.06386554621848739,0.09335443037974683,0.1444991789819376,0.03736920777279522,0.11585365853658537,0.08561643835616438,0.053125,0.027522935779816515,0.0078125,0.025477707006369428,0.2504012841091493,0.05592105263157895,0.14583333333333334,0.0853462157809984,0.1347068145800317,0.1661392405063291,0.11019736842105263,0.091324200913242,0.02843601895734597,0.024671052631578948,0.1971383147853736,0.05263157894736842,0.08962264150943396,0.13268608414239483,0.13112164296998421,0.16300940438871472,0.10120845921450151,0.07863247863247863,0.12792511700468018,0.0640625,0.16427432216905902,0.045234248788368334,0.016819571865443424,0.1305732484076433,0.2247191011235955,0.04019292604501608,0.13195548489666137,0.052547770700636945,0.2057877813504823,0.08992248062015504,0.05071315372424723,0.13225806451612904,0.05092592592592592,0.07586206896551724,0.010362694300518135,0.04180602006688963,0.019417475728155338,0.2144026186579378,0.011254019292604502,0.17637540453074432,0.02900763358778626,0.07003257328990228,0.05228758169934641,0.10033444816053512,0.11587301587301588,0.1694915254237288,0.14754098360655737,0.10374149659863946,0.0379746835443038,0.0,0.06919275123558484,0.05342237061769616,0.07679738562091504,0.0165016501650165,0.08360655737704918,0.018333333333333333,0.1140625,0.12908777969018934,0.11986863711001643,0.15702479338842976,0.0512,0.0365296803652968,0.05128205128205128
2011,1,9,prevalence,0.08223684210526316,0.19905956112852666,0.06765676567656766,0.13495934959349593,0.07830342577487764,0.02009273570324575,0.18284789644012944,0.10231023102310231,0.10316139767054909,0.08293460925039872,0.05090311986863711,0.08443708609271523,0.12735849056603774,0.013157894736842105,0.1705790297339593,0.17683881064162754,0.07781456953642384,0.15309446254071662,0.08561643835616438,0.08760330578512397,0.1362179487179487,0.0016339869281045752,0.026533996683250415,0.08121827411167512,0.026438569206842923,0.07219662058371736,0.07966101694915254,0.19934640522875818,0.10277324632952692,0.09345794392523364,0.09634551495016612,0.13109243697478992,0.06109324758842444,0.19003115264797507,0.13810316139767054,0.009375,0.1238244514106583,0.08496732026143791,0.07445008460236886,0.059113300492610835,0.09461663947797716,0.010221465076660987,0.13957055214723926,0.05929487179487179,0.11267605633802817,0.11164274322169059,0.012841091492776886,0.007849293563579277,0.022082018927444796,0.061788617886178863,0.061389337641357025,0.13636363636363635,0.17200674536256325,0.16777408637873753,0.11480865224625623,0.03350083752093802,0.07165605095541401,0.1423841059602649,0.16275167785234898,0.0033333333333333335,0.0,0.065,0.06402439024390244,0.13893129770992366,0.03533026113671275,0.015025041736227046,0.15823817292006526,0.10535117056856187,0.14959349593495935,0.065,0.052547770700636945,0.06859205776173286,0.07201309328968904,0.037520391517128875,0.08403361344537816,0.059748427672955975,0.08723747980613894,0.07258064516129033,0.06656101426307448,0.07281553398058252,0.023734177215189875,0.08290155440414508,0.05319148936170213,0.13322884012539185,0.05612244897959184,0.01282051282051282,0.05872193436960276,0.0304,0.06677524429967427,0.006201550387596899,0.03442879499217527,0.09161490683229814,0.06965174129353234,0.10483870967741936,0.1753846153846154,0.07705192629815745,0.09274873524451939,0.07317073170731707,0.10917721518987342,0.023696682464454975,0.16640746500777606,0.11258278145695365,0.05826771653543307,0.09020217729393468,0.12647554806070826,0.08603896103896104,0.015025041736227046,0.08237232289950576,0.014516129032258065,0.011666666666666667,0.049586776859504134,0.14378029079159935,0.15934959349593497,0.16881028938906753,0.2084592145015106,0.1926751592356688,0.05434782608695652,0.03565640194489465,0.04215851602023609,0.014173228346456693,0.11844331641285956,0.15187713310580206,0.04654895666131621,0.18270799347471453,0.042789223454833596,0.02809917355371901,0.1045016077170418,0.05619834710743802,0.07301587301587302,0.12540192926045016,0.03582089552238806,0.10124610591900311,0.06301824212271974,0.05529225908372828,0.04416403785488959,0.00778816199376947,0.04213938411669368,0.19444444444444445,0.05509181969949917,0.11650485436893204,0.0592,0.2357473035439137,0.21983471074380165,0.10172143974960876,0.08146964856230032,0.02177293934681182,0.01718213058419244,0.17337461300309598,0.07119741100323625,0.08549618320610687,0.13242784380305603,0.1554160125588697,0.13343799058084774,0.1358936484490399,0.11073253833049404,0.14037854889589904,0.06396255850234009,0.11428571428571428,0.0592,0.018292682926829267,0.17384370015948963,0.16065573770491803,0.0208,0.12721417069243157,0.055205047318611984,0.2375,0.08992248062015504,0.04791344667697063,0.10097719869706841,0.06528189910979229,0.07772020725388601,0.0033333333333333335,0.04187604690117253,0.01652892561983471,0.20165289256198346,0.02527646129541864,0.16390728476821192,0.02391629297458894,0.06446280991735537,0.03678929765886288,0.13388429752066117,0.1045958795562599,0.16169544740973313,0.16611842105263158,0.09833333333333333,0.03164556962025317,0.005128205128205128,0.06397306397306397,0.08614864864864864,0.075,0.011345218800648298,0.10720268006700168,0.021702838063439065,0.11885895404120443,0.16198347107438016,0.1330128205128205,0.19381107491856678,0.055105348460291734,0.04484304932735426,0.022364217252396165
2012,1,9,prevalence,0.08914100486223663,0.19838709677419356,0.11073253833049404,0.12828947368421054,0.07053291536050156,0.0265625,0.21350078492935637,0.09902597402597403,0.08361204013377926,0.0784313725490196,0.047697368421052634,0.09365079365079365,0.16434108527131783,0.015625,0.14645669291338584,0.20602218700475436,0.06456953642384106,0.1470113085621971,0.057724957555178265,0.08660130718954248,0.13658536585365855,0.003169572107765452,0.03361344537815126,0.0779896013864818,0.036418816388467376,0.060842433697347896,0.087893864013267,0.2617124394184168,0.15301391035548687,0.061128526645768025,0.10927152317880795,0.11260504201680673,0.061461794019933555,0.1643835616438356,0.15435139573070608,0.015337423312883436,0.12322274881516587,0.09780775716694773,0.06745362563237774,0.06633499170812604,0.09935897435897435,0.03389830508474576,0.15644171779141106,0.05967741935483871,0.07371794871794872,0.13449367088607594,0.025559105431309903,0.019736842105263157,0.03565640194489465,0.05374592833876222,0.06132075471698113,0.12038523274478331,0.115,0.12271973466003316,0.18030050083472454,0.03754266211604096,0.08229813664596274,0.21440536013400335,0.24273504273504273,0.008143322475570033,0.00825082508250825,0.09743589743589744,0.07849293563579278,0.11561561561561562,0.04716981132075472,0.0065040650406504065,0.12479740680713128,0.1312803889789303,0.10967741935483871,0.04159733777038269,0.0429042904290429,0.07526881720430108,0.0929853181076672,0.030744336569579287,0.04862236628849271,0.049079754601226995,0.1111111111111111,0.08931419457735247,0.09162717219589257,0.053833605220228384,0.029548989113530325,0.08741258741258741,0.06239168110918544,0.140625,0.0919931856899489,0.008333333333333333,0.05102040816326531,0.03164556962025317,0.07096774193548387,0.01263823064770932,0.04071661237785016,0.07886435331230283,0.0667779632721202,0.09870550161812297,0.18387096774193548,0.10034013605442177,0.11258278145695365,0.06471494607087827,0.09365079365079365,0.03365384615384615,0.19122257053291536,0.1444805194805195,0.06918238993710692,0.11944869831546708,0.08576329331046312,0.07754442649434572,0.009771986970684038,0.058919803600654665,0.027642276422764227,0.02337228714524207,0.03184713375796178,0.10837438423645321,0.1498371335504886,0.14332784184514002,0.1162079510703364,0.22626582278481014,0.0473186119873817,0.04032258064516129,0.06677524429967427,0.0128,0.11073253833049404,0.14485165794066318,0.03605015673981191,0.14473684210526316,0.033123028391167195,0.027597402597402596,0.09771986970684039,0.04918032786885246,0.09004739336492891,0.11737089201877934,0.06564885496183206,0.08503937007874016,0.06414473684210527,0.08571428571428572,0.028526148969889066,0.006051437216338881,0.05348460291734198,0.12769485903814262,0.07993197278911565,0.09888357256778309,0.09409888357256778,0.3881278538812785,0.25295109612141653,0.14102564102564102,0.0609375,0.023076923076923078,0.018803418803418803,0.11791730474732007,0.09233176838810642,0.0832072617246596,0.11932773109243698,0.15348837209302327,0.1509433962264151,0.16491754122938532,0.16750418760469013,0.11164274322169059,0.05396825396825397,0.15934959349593497,0.07814992025518341,0.02050473186119874,0.196875,0.17307692307692307,0.0304,0.098256735340729,0.04807692307692308,0.23615635179153094,0.08006279434850863,0.05198776758409786,0.10483870967741936,0.041791044776119404,0.08021390374331551,0.001652892561983471,0.03764320785597381,0.018333333333333333,0.16279069767441862,0.059006211180124224,0.16369529983792544,0.0182370820668693,0.040783034257748776,0.02975206611570248,0.0915032679738562,0.09657320872274143,0.1648,0.1744,0.09136212624584718,0.03475513428120063,0.003367003367003367,0.0451505016722408,0.14726027397260275,0.05263157894736842,0.024549918166939442,0.14580031695721077,0.008038585209003215,0.09662576687116564,0.15754560530679934,0.08306709265175719,0.23274478330658105,0.057971014492753624,0.05279034690799397,0.02086677367576244
2013,1,9,prevalence,0.08305647840531562,0.17077175697865354,0.10465116279069768,0.14285714285714285,0.06055900621118013,0.017350157728706624,0.246422893481717,0.09120521172638436,0.0802675585284281,0.0749185667752443,0.04051863857374392,0.08103727714748785,0.12836767036450078,0.022375215146299483,0.10188087774294671,0.2199367088607595,0.06115702479338843,0.11580594679186229,0.07142857142857142,0.112,0.17362270450751252,0.0015455950540958269,0.03709949409780776,0.05253940455341506,0.046224961479198766,0.06396255850234009,0.11323763955342903,0.26058631921824105,0.17957166392092258,0.1056,0.15016501650165018,0.07432432432432433,0.04830917874396135,0.1656534954407295,0.1632996632996633,0.0243161094224924,0.1233974358974359,0.08852459016393442,0.07768595041322314,0.04186795491143317,0.10210696920583469,0.027868852459016394,0.1419457735247209,0.05732484076433121,0.07954545454545454,0.17084639498432602,0.024077046548956663,0.01597444089456869,0.03668261562998405,0.04311774461028192,0.0794912559618442,0.1419457735247209,0.07980456026058631,0.10256410256410256,0.26755852842809363,0.05363321799307959,0.06800618238021638,0.2360655737704918,0.252991452991453,0.014084507042253521,0.021848739495798318,0.09364548494983277,0.07550077041602465,0.11676646706586827,0.04516129032258064,0.008223684210526315,0.0959349593495935,0.11717495987158909,0.09409888357256778,0.050488599348534204,0.032534246575342464,0.09549549549549549,0.1079734219269103,0.04020100502512563,0.04376012965964344,0.06200317965023847,0.0898876404494382,0.0910569105691057,0.13009404388714735,0.054365733113673806,0.03322784810126582,0.09464285714285714,0.07081174438687392,0.12012480499219969,0.09215017064846416,0.008210180623973728,0.03709949409780776,0.038880248833592534,0.06260296540362438,0.03986710963455149,0.037914691943127965,0.05845181674565561,0.05747126436781609,0.08250825082508251,0.22653721682847897,0.11314475873544093,0.11308562197092084,0.07886435331230283,0.09642301710730948,0.024469820554649267,0.19906687402799378,0.1968,0.09006211180124224,0.12461059190031153,0.06313993174061433,0.06925675675675676,0.01788617886178862,0.044407894736842105,0.01757188498402556,0.02152317880794702,0.046948356807511735,0.1393841166936791,0.10963455149501661,0.12331081081081081,0.09711684370257967,0.23809523809523808,0.04019292604501608,0.03459119496855346,0.1043338683788122,0.013179571663920923,0.12166666666666667,0.10998307952622674,0.03668261562998405,0.1564625850340136,0.0515625,0.024793388429752067,0.06504065040650407,0.043333333333333335,0.06951026856240126,0.106544901065449,0.08615384615384615,0.096875,0.04878048780487805,0.07413249211356467,0.025356576862123614,0.018376722817764167,0.05365853658536585,0.10685805422647528,0.07046979865771812,0.1060126582278481,0.09328968903436989,0.38837920489296635,0.1956521739130435,0.11916264090177134,0.0609375,0.025954198473282442,0.038461538461538464,0.11700468018720749,0.09448818897637795,0.06144393241167435,0.10588235294117647,0.14176829268292682,0.16614906832298137,0.16463414634146342,0.19392917369308602,0.11041009463722397,0.06729264475743349,0.1926163723916533,0.11594202898550725,0.02773246329526917,0.20602218700475436,0.167427701674277,0.03286384976525822,0.11276948590381426,0.0701468189233279,0.18344155844155843,0.09250398724082935,0.05343511450381679,0.10114192495921696,0.06855439642324888,0.06239168110918544,0.0,0.0304,0.02385008517887564,0.18403908794788273,0.08607198748043818,0.17235772357723578,0.03129657228017884,0.016611295681063124,0.021207177814029365,0.06581059390048154,0.0875,0.1631663974151858,0.14862681744749595,0.08695652173913043,0.03915171288743882,0.001658374792703151,0.04020100502512563,0.15682967959527824,0.05227655986509275,0.031096563011456628,0.16908212560386474,0.0,0.0899390243902439,0.1984126984126984,0.061708860759493674,0.19444444444444445,0.03333333333333333,0.07435508345978756,0.012618296529968454
2014,1,9,prevalence,0.07679738562091504,0.1708542713567839,0.11295681063122924,0.23064770932069512,0.053208137715179966,0.01639344262295082,0.18858954041204437,0.05374592833876222,0.08660130718954248,0.056572379367720464,0.04311774461028192,0.07827476038338659,0.09539473684210527,0.02072538860103627,0.09032258064516129,0.19435215946843853,0.05186385737439222,0.08661417322834646,0.06239737274220033,0.13064516129032258,0.16057233704292528,0.006299212598425197,0.047957371225577264,0.06228956228956229,0.05817610062893082,0.08450704225352113,0.13344051446945338,0.28192371475953565,0.17744610281923714,0.11935483870967742,0.14285714285714285,0.06472491909385113,0.035541195476575124,0.16018662519440124,0.20268006700167504,0.02465331278890601,0.10476190476190476,0.07755775577557755,0.07920792079207921,0.01957585644371941,0.0864,0.04590163934426229,0.14009661835748793,0.08852459016393442,0.07190635451505016,0.22098569157392686,0.04628099173553719,0.024509803921568627,0.042789223454833596,0.043993231810490696,0.08112582781456953,0.11755485893416928,0.08265802269043761,0.07898894154818326,0.2470978441127695,0.06578947368421052,0.09531013615733737,0.2532258064516129,0.24333333333333335,0.0197869101978691,0.03747870528109029,0.06837606837606838,0.06842923794712286,0.1111111111111111,0.047619047619047616,0.019933554817275746,0.08986928104575163,0.11419753086419752,0.05434782608695652,0.048013245033112585,0.04475043029259897,0.12041884816753927,0.08907563025210084,0.026058631921824105,0.038397328881469114,0.08426073131955485,0.09076433121019108,0.08576051779935275,0.24528301886792453,0.05115511551155116,0.059654631083202514,0.11070780399274047,0.10035211267605634,0.08917197452229299,0.09618573797678276,0.022222222222222223,0.034653465346534656,0.045454545454545456,0.059900166389351084,0.04628099173553719,0.03949447077409163,0.03210272873194221,0.04785478547854786,0.07419354838709677,0.180623973727422,0.0905982905982906,0.14262295081967213,0.06623586429725363,0.08530805687203792,0.03145695364238411,0.1752411575562701,0.21669341894060995,0.08628659476117104,0.11624203821656051,0.06724137931034482,0.06833333333333333,0.007974481658692184,0.033277870216306155,0.01288244766505636,0.031825795644891124,0.03949447077409163,0.17224080267558528,0.08006535947712418,0.12581699346405228,0.06402439024390244,0.1870860927152318,0.028846153846153848,0.04081632653061224,0.09618320610687023,0.03156146179401993,0.12312811980033278,0.07952622673434856,0.0379746835443038,0.12315270935960591,0.0644122383252818,0.04186795491143317,0.047775947281713346,0.04666666666666667,0.07017543859649122,0.07846153846153846,0.11163522012578617,0.10371517027863777,0.04054054054054054,0.07086614173228346,0.02197802197802198,0.0061162079510703364,0.047933884297520664,0.061389337641357025,0.06890756302521009,0.09744408945686901,0.09577922077922078,0.2813918305597579,0.16065573770491803,0.10845295055821372,0.06935483870967742,0.032407407407407406,0.04074702886247878,0.11856474258970359,0.0763239875389408,0.05076923076923077,0.09060402684563758,0.11009174311926606,0.21745788667687596,0.17001545595054096,0.24662162162162163,0.12520325203252033,0.05337519623233909,0.20130932896890344,0.12520064205457465,0.03225806451612903,0.23981191222570533,0.14396284829721362,0.030911901081916538,0.12026359143327842,0.07236842105263158,0.16776315789473684,0.10618066561014262,0.045317220543806644,0.1,0.10074074074074074,0.0896551724137931,0.0016501650165016502,0.04173354735152488,0.027960526315789474,0.1713810316139767,0.08688524590163935,0.14261168384879724,0.018209408194233688,0.011589403973509934,0.008237232289950576,0.054140127388535034,0.08702531645569621,0.1116584564860427,0.11410459587955626,0.12682926829268293,0.0420032310177706,0.0033613445378151263,0.035058430717863104,0.13079470198675497,0.05115511551155116,0.03442622950819672,0.12261146496815287,0.0030581039755351682,0.08787878787878788,0.21617161716171618,0.06074766355140187,0.17207792207792208,0.04186795491143317,0.04704097116843703,0.006472491909385114
2015,1,9,prevalence,0.0924092409240924,0.1962457337883959,0.10099337748344371,0.329153605015674,0.05,0.006430868167202572,0.1421875,0.0680379746835443,0.06885245901639345,0.06,0.066006600660066,0.08025682182985554,0.05466237942122187,0.03177257525083612,0.08333333333333333,0.1970684039087948,0.05196850393700787,0.06511627906976744,0.042483660130718956,0.10766721044045677,0.22115384615384615,0.011940298507462687,0.04121863799283154,0.07718120805369127,0.058823529411764705,0.08095238095238096,0.14606741573033707,0.18107667210440456,0.21303656597774245,0.1152,0.11352253756260434,0.07317073170731707,0.03869969040247678,0.15091463414634146,0.15823817292006526,0.06129032258064516,0.0752,0.09800664451827243,0.10873146622734761,0.01155115511551155,0.08253968253968254,0.04038772213247173,0.14937106918238993,0.07855973813420622,0.08347245409015025,0.21821036106750394,0.0451505016722408,0.027868852459016394,0.04006410256410257,0.07563025210084033,0.07540983606557378,0.17073170731707318,0.09283387622149837,0.04923076923076923,0.1635434412265758,0.10996563573883161,0.10969793322734499,0.238562091503268,0.21774193548387097,0.02476780185758514,0.036020583190394515,0.040983606557377046,0.04503105590062112,0.10248447204968944,0.05040650406504065,0.03915171288743882,0.08360128617363344,0.08307692307692308,0.03307086614173228,0.032679738562091505,0.041379310344827586,0.14886164623467601,0.07758620689655173,0.02809917355371901,0.05203252032520325,0.06260296540362438,0.0848,0.07877813504823152,0.2727272727272727,0.03758169934640523,0.04983922829581994,0.07746478873239436,0.1076923076923077,0.10932475884244373,0.11916264090177134,0.019769357495881382,0.049342105263157895,0.03536977491961415,0.05718954248366013,0.03198653198653199,0.039619651347068144,0.03627760252365931,0.024311183144246355,0.059654631083202514,0.11774744027303755,0.08433734939759036,0.2016260162601626,0.05555555555555555,0.08461538461538462,0.039586919104991396,0.14353312302839116,0.2777777777777778,0.0529500756429652,0.12762520193861066,0.0945273631840796,0.051926298157453935,0.020933977455716585,0.04187604690117253,0.016611295681063124,0.0333889816360601,0.044233807266982623,0.15345699831365936,0.08077544426494346,0.11166666666666666,0.059006211180124224,0.1345514950166113,0.03918495297805643,0.046801872074883,0.0804953560371517,0.05161290322580645,0.11235955056179775,0.07894736842105263,0.025,0.11292962356792144,0.07776049766718507,0.035256410256410256,0.029411764705882353,0.04433497536945813,0.0912,0.05701078582434515,0.1393188854489164,0.125193199381762,0.04326123128119801,0.07165605095541401,0.03761755485893417,0.018404907975460124,0.03927986906710311,0.05929487179487179,0.07894736842105263,0.15650741350906094,0.0802675585284281,0.2183734939759036,0.12166666666666667,0.09728867623604466,0.06570512820512821,0.04559748427672956,0.03735144312393888,0.11265432098765432,0.05669291338582677,0.06037151702786378,0.07364975450081833,0.0625,0.22413793103448276,0.13010590015128592,0.22009569377990432,0.1393841166936791,0.04120443740095087,0.21702838063439064,0.12759170653907495,0.05305466237942122,0.1518987341772152,0.1308411214953271,0.027190332326283987,0.10437710437710437,0.06291390728476821,0.1445578231292517,0.07596899224806201,0.05053598774885146,0.08169934640522876,0.10644677661169415,0.061016949152542375,0.0016366612111292963,0.03755868544600939,0.024390243902439025,0.13949579831932774,0.09238249594813615,0.13286713286713286,0.007407407407407408,0.014827018121911038,0.005025125628140704,0.08617886178861789,0.08681672025723473,0.10963455149501661,0.09967320261437909,0.11486486486486487,0.04180064308681672,0.003305785123966942,0.03387096774193549,0.1111111111111111,0.058823529411764705,0.026984126984126985,0.12121212121212122,0.0015384615384615385,0.09582689335394126,0.18425460636515914,0.06426332288401254,0.11182108626198083,0.043548387096774194,0.061633281972265024,0.00794912559618442
2016,1,9,prevalence,0.11755485893416928,0.13673805601317957,0.088379705400982,0.35917721518987344,0.052132701421800945,0.009615384615384616,0.093603744149766,0.06962025316455696,0.07846410684474124,0.04376012965964344,0.07753164556962025,0.0816,0.061514195583596214,0.03993344425956739,0.04715447154471545,0.2003257328990228,0.05172413793103448,0.08217054263565891,0.0397456279809221,0.11311475409836065,0.19318181818181818,0.014173228346456693,0.024305555555555556,0.08922558922558922,0.07974481658692185,0.08520900321543408,0.11858974358974358,0.08278145695364239,0.20930232558139536,0.0816,0.10641891891891891,0.10784313725490197,0.034161490683229816,0.10526315789473684,0.13666666666666666,0.05492730210016155,0.05466237942122187,0.10561056105610561,0.08374384236453201,0.012519561815336464,0.07419354838709677,0.03940886699507389,0.12682926829268293,0.06196213425129088,0.09259259259259259,0.1875,0.04297520661157025,0.03523489932885906,0.047619047619047616,0.07741935483870968,0.052547770700636945,0.14545454545454545,0.12238325281803543,0.04776579352850539,0.14480408858603067,0.09570957095709572,0.12241653418124006,0.20588235294117646,0.12234910277324633,0.03937007874015748,0.04384485666104553,0.057003257328990226,0.06190476190476191,0.0804953560371517,0.03231017770597738,0.039538714991762765,0.0966183574879227,0.09442724458204334,0.037337662337662336,0.04038772213247173,0.04609929078014184,0.17428087986463622,0.08703071672354949,0.03198653198653199,0.03902439024390244,0.05676126878130217,0.05555555555555555,0.06995230524642289,0.2288,0.039735099337748346,0.04617834394904458,0.061619718309859156,0.1369150779896014,0.08731466227347612,0.13513513513513514,0.02177293934681182,0.057283142389525366,0.03758169934640523,0.04738562091503268,0.05872756933115824,0.03622047244094488,0.034375,0.0449438202247191,0.06031746031746032,0.1226890756302521,0.10981697171381032,0.16749585406301823,0.059870550161812294,0.08079268292682927,0.06271186440677966,0.1328125,0.2791411042944785,0.0529595015576324,0.125,0.11755233494363929,0.07718120805369127,0.02922077922077922,0.03722504230118443,0.01652892561983471,0.026359143327841845,0.0401854714064915,0.17586206896551723,0.07401315789473684,0.09235668789808917,0.061514195583596214,0.11219512195121951,0.056451612903225805,0.07142857142857142,0.083596214511041,0.07352941176470588,0.11317829457364341,0.06623586429725363,0.030694668820678513,0.08870967741935484,0.06270096463022508,0.07154471544715447,0.01779935275080906,0.06907894736842106,0.10685805422647528,0.0625,0.12836767036450078,0.14440993788819875,0.047619047619047616,0.045,0.05116279069767442,0.04434250764525994,0.05750798722044728,0.07096774193548387,0.10309278350515463,0.12954186413902052,0.09106239460370995,0.12518853695324283,0.0912106135986733,0.09646302250803858,0.08069620253164557,0.05451713395638629,0.04006968641114982,0.10747663551401869,0.05180533751962323,0.06554878048780488,0.0695364238410596,0.07969924812030076,0.189792663476874,0.13592233009708737,0.1858974358974359,0.11461794019933555,0.035256410256410256,0.17898193760262726,0.11382113821138211,0.05537459283387622,0.12332838038632987,0.13198757763975155,0.024024024024024024,0.09598603839441536,0.07495741056218058,0.09532062391681109,0.0761904761904762,0.08895705521472393,0.08264462809917356,0.11094452773613193,0.058319039451114926,0.004942339373970346,0.04482225656877898,0.017628205128205128,0.10066006600660066,0.0966183574879227,0.14065180102915953,0.007352941176470588,0.028192371475953566,0.009819967266775777,0.08717105263157894,0.07293354943273905,0.13278688524590163,0.07631160572337042,0.12199312714776632,0.03934426229508197,0.006644518272425249,0.04227642276422764,0.10603588907014681,0.06493506493506493,0.023696682464454975,0.1237785016286645,0.006051437216338881,0.10452418096723869,0.15284552845528454,0.0888208269525268,0.0819935691318328,0.04975922953451043,0.07009345794392523,0.017713365539452495
2017,1,9,prevalence,0.09018987341772151,0.10344827586206896,0.11601307189542484,0.29017160686427457,0.06003159557661927,0.016051364365971106,0.1206896551724138,0.04739336492890995,0.07512520868113523,0.02664576802507837,0.11419249592169657,0.05177993527508091,0.059190031152647975,0.0429042904290429,0.04785478547854786,0.18076285240464346,0.05061349693251534,0.06462035541195477,0.03937007874015748,0.10771704180064309,0.1627172195892575,0.017488076311605722,0.030035335689045935,0.06919275123558484,0.07232704402515723,0.11428571428571428,0.09328968903436989,0.07119205298013245,0.1296,0.07419354838709677,0.10374149659863946,0.12166666666666667,0.021638330757341576,0.10819165378670788,0.10396039603960396,0.05211726384364821,0.0532258064516129,0.08429752066115702,0.07223113964686999,0.019938650306748466,0.07006369426751592,0.04251968503937008,0.12111292962356793,0.035653650254668934,0.07333333333333333,0.1408,0.04326923076923077,0.03471074380165289,0.044585987261146494,0.08490566037735849,0.06677524429967427,0.13771517996870108,0.10260586319218241,0.0704647676161919,0.14261460101867574,0.04817275747508306,0.11424100156494522,0.16990291262135923,0.12006578947368421,0.04461538461538461,0.045531197301854974,0.060556464811783964,0.05910543130990415,0.05657492354740061,0.044274809160305344,0.029173419773095625,0.07154213036565978,0.13153724247226625,0.046357615894039736,0.04854368932038835,0.06104129263913824,0.12583892617449666,0.0576271186440678,0.03355704697986577,0.052805280528052806,0.05374592833876222,0.0361247947454844,0.05687203791469194,0.17628705148205928,0.036020583190394515,0.0288,0.058823529411764705,0.13220338983050847,0.09951060358890701,0.11290322580645161,0.014308426073131956,0.05246422893481717,0.0496,0.04071661237785016,0.04020100502512563,0.05337519623233909,0.0315955766192733,0.02922077922077922,0.06750392464678179,0.08571428571428572,0.08877721943048576,0.1712,0.0718954248366013,0.0865533230293663,0.08403361344537816,0.10328638497652583,0.21580547112462006,0.04231974921630094,0.13628899835796388,0.10483870967741936,0.06473594548551959,0.02926829268292683,0.03316749585406302,0.02577319587628866,0.03079416531604538,0.050314465408805034,0.14991482112436116,0.07692307692307693,0.08818635607321132,0.04160246533127889,0.07894736842105263,0.04472843450479233,0.05967741935483871,0.09320695102685624,0.0698051948051948,0.09036144578313253,0.052969502407704656,0.026984126984126985,0.08667736757624397,0.06847133757961783,0.06634304207119741,0.019672131147540985,0.08538587848932677,0.11163522012578617,0.06129032258064516,0.09090909090909091,0.12836767036450078,0.048252911813643926,0.06622516556291391,0.06307692307692307,0.0290519877675841,0.051643192488262914,0.08974358974358974,0.10210696920583469,0.1473851030110935,0.08687943262411348,0.1056547619047619,0.10304054054054054,0.09984152139461172,0.06327160493827161,0.04094488188976378,0.08460236886632826,0.11370716510903427,0.06807131280388978,0.04496124031007752,0.057724957555178265,0.0791044776119403,0.16420361247947454,0.10932475884244373,0.1435257410296412,0.11813643926788686,0.0453125,0.11181102362204724,0.07178631051752922,0.05388272583201268,0.11061285500747384,0.1557632398753894,0.020618556701030927,0.09026548672566372,0.07679465776293823,0.08919382504288165,0.075,0.061514195583596214,0.04926108374384237,0.09473684210526316,0.07890222984562607,0.014446227929373997,0.0671875,0.01263823064770932,0.05619834710743802,0.08493589743589744,0.11824324324324324,0.017804154302670624,0.030201342281879196,0.008278145695364239,0.07120253164556962,0.057755775577557754,0.07516339869281045,0.07967479674796749,0.13667820069204153,0.04065040650406504,0.014778325123152709,0.038525963149078725,0.11147011308562198,0.057432432432432436,0.026604068857589983,0.08280254777070063,0.010852713178294573,0.12006079027355623,0.0898876404494382,0.08588957055214724,0.055031446540880505,0.0594855305466238,0.12,0.01932367149758454
2018,1,9,prevalence,0.10742496050552923,0.06341463414634146,0.10569105691056911,0.20893141945773525,0.06829268292682927,0.03328050713153724,0.10708661417322834,0.04739336492890995,0.05331179321486268,0.027439024390243903,0.11908646003262642,0.04376012965964344,0.03610675039246468,0.05177993527508091,0.035,0.11726384364820847,0.0405616224648986,0.09165302782324058,0.06666666666666667,0.07223113964686999,0.0973724884080371,0.01892744479495268,0.044673539518900345,0.05601317957166392,0.064,0.08614864864864864,0.10623946037099494,0.04118616144975288,0.12883435582822086,0.05329153605015674,0.07046979865771812,0.08940397350993377,0.03167420814479638,0.08878504672897196,0.09223300970873786,0.061488673139158574,0.0492845786963434,0.06156405990016639,0.07865168539325842,0.01834862385321101,0.06875,0.027375201288244767,0.07781456953642384,0.044673539518900345,0.07855973813420622,0.08253968253968254,0.056,0.04470198675496689,0.03542673107890499,0.08439490445859872,0.06774193548387097,0.10047095761381476,0.09984152139461172,0.04579025110782865,0.10154905335628227,0.05289256198347107,0.11556982343499198,0.12238325281803543,0.09032258064516129,0.04024767801857585,0.04865771812080537,0.05289256198347107,0.04785478547854786,0.061633281972265024,0.0639269406392694,0.04838709677419355,0.06290322580645161,0.10543130990415335,0.057755775577557754,0.048701298701298704,0.08261617900172118,0.10641891891891891,0.047217537942664416,0.04013377926421405,0.048465266558966075,0.06591639871382636,0.0576271186440678,0.06135986733001658,0.1088,0.046511627906976744,0.03908794788273615,0.04203152364273205,0.13008130081300814,0.06930693069306931,0.09177215189873418,0.023622047244094488,0.0532724505327245,0.043548387096774194,0.035175879396984924,0.032148900169204735,0.06074766355140187,0.06531881804043546,0.052980132450331126,0.06329113924050633,0.0695364238410596,0.06525285481239804,0.09379968203497616,0.05714285714285714,0.05846153846153846,0.06135986733001658,0.06396255850234009,0.19069767441860466,0.047244094488188976,0.11016949152542373,0.0734375,0.07094594594594594,0.05149501661129568,0.035175879396984924,0.03403565640194489,0.037520391517128875,0.08125,0.11754684838160136,0.08166666666666667,0.08103727714748785,0.054838709677419356,0.06837606837606838,0.062111801242236024,0.05564648117839607,0.10914927768860354,0.05490848585690516,0.05061349693251534,0.05229793977812995,0.057003257328990226,0.09394904458598727,0.0583596214511041,0.06451612903225806,0.024875621890547265,0.09061488673139159,0.10923076923076923,0.044189852700491,0.11221122112211221,0.08540372670807453,0.03870967741935484,0.07907742998352553,0.06853582554517133,0.03582554517133956,0.0496,0.0628099173553719,0.09090909090909091,0.12241653418124006,0.07758620689655173,0.050746268656716415,0.08940397350993377,0.10566615620214395,0.07154213036565978,0.05806451612903226,0.08881578947368421,0.09365079365079365,0.061872909698996656,0.08268330733229329,0.06280193236714976,0.09603658536585366,0.1,0.08156606851549755,0.11056910569105691,0.08020477815699659,0.046511627906976744,0.0594059405940594,0.06228956228956229,0.05161290322580645,0.10599078341013825,0.11128284389489954,0.0182370820668693,0.06761565836298933,0.08207705192629816,0.07342657342657342,0.06645569620253164,0.058637083993660855,0.05930807248764415,0.11128284389489954,0.08237232289950576,0.02527646129541864,0.04608294930875576,0.024469820554649267,0.05016181229773463,0.07419898819561552,0.09060402684563758,0.019726858877086494,0.04777070063694268,0.02329450915141431,0.055900621118012424,0.05756578947368421,0.03779527559055118,0.07730263157894737,0.11694915254237288,0.036741214057507986,0.019230769230769232,0.03523489932885906,0.09020217729393468,0.05245346869712352,0.03349282296650718,0.07911392405063292,0.03459119496855346,0.1050228310502283,0.08019639934533551,0.07969924812030076,0.04314329738058552,0.05374592833876222,0.0991869918699187,0.039735099337748346
2019,1,9,prevalence,0.08517350157728706,0.061191626409017714,0.09309791332263243,0.1370309951060359,0.08012820512820513,0.027823240589198037,0.07858243451463791,0.04186795491143317,0.06885758998435054,0.03358778625954199,0.1038961038961039,0.041666666666666664,0.0452418096723869,0.03442622950819672,0.03471074380165289,0.0799347471451876,0.056818181818181816,0.07445008460236886,0.02922077922077922,0.05392156862745098,0.084375,0.03255813953488372,0.05555555555555555,0.05245901639344262,0.07377049180327869,0.09090909090909091,0.07401032702237521,0.033277870216306155,0.09770992366412214,0.06389776357827476,0.07768595041322314,0.07804878048780488,0.0686427457098284,0.08204334365325078,0.07885906040268456,0.07754442649434572,0.04983922829581994,0.05115511551155116,0.06539074960127592,0.03125,0.050955414012738856,0.029921259842519685,0.06343906510851419,0.06468531468531469,0.057692307692307696,0.07026143790849673,0.050393700787401574,0.051926298157453935,0.03715670436187399,0.07776049766718507,0.059113300492610835,0.04878048780487805,0.11183144246353323,0.03143712574850299,0.07394366197183098,0.08955223880597014,0.09771986970684039,0.09740259740259741,0.060995184590690206,0.05053598774885146,0.0627062706270627,0.05573248407643312,0.06944444444444445,0.05546995377503852,0.07541478129713423,0.0722495894909688,0.040257648953301126,0.11059190031152648,0.04612850082372323,0.04777070063694268,0.0896551724137931,0.076158940397351,0.048494983277591976,0.04355108877721943,0.049099836333878884,0.05069124423963134,0.07833333333333334,0.08866995073891626,0.0490506329113924,0.04311774461028192,0.022364217252396165,0.06218487394957983,0.11666666666666667,0.04713804713804714,0.09133858267716535,0.04272151898734177,0.060382916053019146,0.035175879396984924,0.05901639344262295,0.026755852842809364,0.05177993527508091,0.05511811023622047,0.04208754208754209,0.061611374407582936,0.04377104377104377,0.06260032102728733,0.08074534161490683,0.030405405405405407,0.0406885758998435,0.06611570247933884,0.054602184087363496,0.1371610845295056,0.025914634146341462,0.08768971332209106,0.0633693972179289,0.0945945945945946,0.054187192118226604,0.06312292358803986,0.045234248788368334,0.03642384105960265,0.07436708860759493,0.0744336569579288,0.10128617363344052,0.0967238689547582,0.044374009508716325,0.05163511187607573,0.05451713395638629,0.06589785831960461,0.11237785016286644,0.045454545454545456,0.04281345565749235,0.04709576138147567,0.06578947368421052,0.06129032258064516,0.05362776025236593,0.09379968203497616,0.03896103896103896,0.11831442463533225,0.10391566265060241,0.0432,0.07601351351351351,0.06134969325153374,0.03870967741935484,0.05348460291734198,0.07472178060413355,0.0343213728549142,0.038338658146964855,0.05787781350482315,0.0875796178343949,0.1024,0.06418918918918919,0.039634146341463415,0.06462035541195477,0.0913312693498452,0.06436420722135008,0.04936305732484077,0.10355987055016182,0.09262166405023547,0.09208400646203554,0.08878504672897196,0.05448717948717949,0.06738131699846861,0.08108108108108109,0.05396290050590219,0.06785137318255251,0.06473594548551959,0.061488673139158574,0.07355242566510173,0.04823151125401929,0.07084019769357495,0.07878787878787878,0.08201892744479496,0.03680981595092025,0.047619047619047616,0.0757825370675453,0.09717314487632508,0.07606973058637084,0.06583072100313479,0.05723905723905724,0.09794628751974724,0.05177993527508091,0.02527646129541864,0.04938271604938271,0.04404567699836868,0.04709576138147567,0.06301824212271974,0.07952622673434856,0.03110419906687403,0.06359300476947535,0.03322259136212625,0.04205607476635514,0.050335570469798654,0.0384,0.050080775444264945,0.09380234505862646,0.03166666666666667,0.026984126984126985,0.03728813559322034,0.07407407407407407,0.04482758620689655,0.05582137161084529,0.045941807044410414,0.02694136291600634,0.05855855855855856,0.042993630573248405,0.05873261205564142,0.05180533751962323,0.05154639175257732,0.046583850931677016,0.04377104377104377
2020,1,9,prevalence,0.06412213740458016,0.05457463884430177,0.07109737248840804,0.10771704180064309,0.05608974358974359,0.03284072249589491,0.05198776758409786,0.02664576802507837,0.03770491803278689,0.012403100775193798,0.07131537242472266,0.028708133971291867,0.03035143769968051,0.02155887230514096,0.0224,0.06397306397306397,0.04107424960505529,0.0732899022801303,0.01615508885298869,0.03930817610062893,0.06299212598425197,0.03333333333333333,0.044444444444444446,0.037096774193548385,0.06493506493506493,0.07928802588996764,0.05272108843537415,0.03289473684210526,0.08024691358024691,0.03577235772357724,0.09446254071661238,0.06891025641025642,0.07739938080495357,0.06539074960127592,0.054276315789473686,0.0512,0.04241435562805873,0.03236797274275979,0.048465266558966075,0.03951367781155015,0.03189792663476874,0.03486529318541997,0.053082191780821915,0.04878048780487805,0.04186795491143317,0.0713128038897893,0.0290519877675841,0.060655737704918035,0.030844155844155844,0.04313099041533546,0.04376012965964344,0.03785488958990536,0.10610932475884244,0.016320474777448073,0.053003533568904596,0.08180300500834725,0.047377326565143825,0.0694006309148265,0.03414634146341464,0.03265940902021773,0.05638474295190713,0.055284552845528454,0.05344827586206897,0.04220779220779221,0.05413533834586466,0.052805280528052806,0.03514376996805112,0.08668730650154799,0.059726962457337884,0.027331189710610933,0.0757314974182444,0.056179775280898875,0.03697478991596639,0.031096563011456628,0.04654895666131621,0.031496062992125984,0.07462686567164178,0.044233807266982623,0.03140495867768595,0.041254125412541254,0.0128,0.04873949579831933,0.09563758389261745,0.05647840531561462,0.05891472868217054,0.03863987635239567,0.04,0.025466893039049237,0.06168831168831169,0.025380710659898477,0.03745928338762215,0.041935483870967745,0.04145936981757877,0.038880248833592534,0.022298456260720412,0.042789223454833596,0.057233704292527825,0.024752475247524754,0.0436817472698908,0.03135313531353135,0.0532258064516129,0.08517350157728706,0.03955696202531646,0.059931506849315065,0.04595879556259905,0.07742998352553541,0.046357615894039736,0.04833333333333333,0.028985507246376812,0.030456852791878174,0.07655502392344497,0.04567699836867863,0.08589951377633712,0.065625,0.0330188679245283,0.04530201342281879,0.046511627906976744,0.05392156862745098,0.08553654743390357,0.04047217537942664,0.03686635944700461,0.03565891472868217,0.0594059405940594,0.04501607717041801,0.05132192846034215,0.05844155844155844,0.016339869281045753,0.07352941176470588,0.0563165905631659,0.023734177215189875,0.0453781512605042,0.03484848484848485,0.018092105263157895,0.03099510603588907,0.0706436420722135,0.028846153846153848,0.04153354632587859,0.04006410256410257,0.07556270096463022,0.09004739336492891,0.04915254237288136,0.03230769230769231,0.046875,0.05825242718446602,0.04375,0.029900332225913623,0.06542056074766354,0.06542056074766354,0.06796116504854369,0.06481481481481481,0.03365384615384615,0.0637329286798179,0.03685092127303183,0.05110732538330494,0.036065573770491806,0.060034305317324184,0.06209150326797386,0.09819967266775777,0.03194888178913738,0.0734094616639478,0.05029585798816568,0.06456692913385827,0.03543913713405239,0.03372681281618887,0.03284072249589491,0.0627177700348432,0.060897435897435896,0.056451612903225805,0.05065359477124183,0.0633116883116883,0.0384,0.009569377990430622,0.04725609756097561,0.06310679611650485,0.03169572107765452,0.04145936981757877,0.04658901830282862,0.017770597738287562,0.0352,0.026622296173044926,0.02365930599369085,0.04376012965964344,0.03492063492063492,0.02287581699346405,0.05042016806722689,0.022328548644338118,0.020967741935483872,0.024549918166939442,0.04510108864696734,0.030201342281879196,0.04838709677419355,0.040498442367601244,0.017432646592709985,0.06018518518518518,0.03588907014681892,0.05627009646302251,0.06497622820919176,0.028192371475953566,0.04595879556259905,0.03993344425956739
2021,1,9,prevalence,0.0669710806697108,0.05388272583201268,0.05963302752293578,0.07166123778501629,0.033925686591276254,0.04462809917355372,0.037267080745341616,0.029411764705882353,0.02622950819672131,0.0061823802163833074,0.06190476190476191,0.016722408026755852,0.03265940902021773,0.0110062893081761,0.014195583596214511,0.0451505016722408,0.033123028391167195,0.06732348111658457,0.013953488372093023,0.025039123630672927,0.061746987951807226,0.04019292604501608,0.027823240589198037,0.04830917874396135,0.05930807248764415,0.07188498402555911,0.03859649122807018,0.0472972972972973,0.05422647527910686,0.023923444976076555,0.09787928221859707,0.04180064308681672,0.06635071090047394,0.05405405405405406,0.039735099337748346,0.04707792207792208,0.03431372549019608,0.02680067001675042,0.04220779220779221,0.0401854714064915,0.03514376996805112,0.02702702702702703,0.03595890410958904,0.0411663807890223,0.037914691943127965,0.04455445544554455,0.023112480739599383,0.055105348460291734,0.03349282296650718,0.02857142857142857,0.041254125412541254,0.0352,0.08962264150943396,0.014970059880239521,0.07360861759425494,0.07654723127035831,0.04974271012006861,0.05669291338582677,0.028846153846153848,0.0448,0.05641025641025641,0.04854368932038835,0.04081632653061224,0.03486529318541997,0.048558421851289835,0.031825795644891124,0.04567699836867863,0.07511737089201878,0.06984667802385008,0.04094488188976378,0.04152823920265781,0.046875,0.018363939899833055,0.028616852146263912,0.05519480519480519,0.019417475728155338,0.07202680067001675,0.03273322422258593,0.018581081081081082,0.033707865168539325,0.01757188498402556,0.04522613065326633,0.05396290050590219,0.045454545454545456,0.06116207951070336,0.030816640986132512,0.04229607250755287,0.023450586264656615,0.03322784810126582,0.046357615894039736,0.027243589743589744,0.059190031152647975,0.03503184713375796,0.04854368932038835,0.01386481802426343,0.04739336492890995,0.05817610062893082,0.013071895424836602,0.04100946372239748,0.02711864406779661,0.04333868378812199,0.06741573033707865,0.023183925811437404,0.04326123128119801,0.04340836012861737,0.06621392190152801,0.044189852700491,0.03648424543946932,0.0196078431372549,0.04251700680272109,0.06220095693779904,0.04926108374384237,0.07131782945736434,0.06307692307692307,0.03531300160513644,0.03553299492385787,0.042682926829268296,0.030497592295345103,0.06907894736842106,0.028716216216216218,0.043076923076923075,0.014106583072100314,0.07058823529411765,0.03538461538461538,0.037037037037037035,0.034653465346534656,0.025559105431309903,0.04823151125401929,0.04327666151468315,0.018808777429467086,0.056572379367720464,0.030441400304414,0.01818181818181818,0.021103896103896104,0.07568438003220612,0.03779527559055118,0.04838709677419355,0.03317535545023697,0.04791344667697063,0.06279434850863422,0.036303630363036306,0.024427480916030534,0.04791344667697063,0.051364365971107544,0.0491283676703645,0.020168067226890758,0.04747320061255743,0.05211726384364821,0.052545155993431854,0.061068702290076333,0.019639934533551555,0.04923076923076923,0.03430531732418525,0.024793388429752067,0.03943217665615142,0.05555555555555555,0.06521739130434782,0.07401315789473684,0.0192,0.06343906510851419,0.045454545454545456,0.0656,0.03779527559055118,0.041736227045075125,0.03365384615384615,0.045060658578856154,0.0416,0.048013245033112585,0.03872053872053872,0.05405405405405406,0.019637462235649546,0.00967741935483871,0.04776579352850539,0.0576,0.044585987261146494,0.049679487179487176,0.033277870216306155,0.01751592356687898,0.03284072249589491,0.01948051948051948,0.02457757296466974,0.0180623973727422,0.02689873417721519,0.027463651050080775,0.04530201342281879,0.01938610662358643,0.01904761904761905,0.02287581699346405,0.03680981595092025,0.027257240204429302,0.04231974921630094,0.029654036243822075,0.03755868544600939,0.06570512820512821,0.022328548644338118,0.054140127388535034,0.04936305732484077,0.016778523489932886,0.03464566929133858,0.03459637561779242
2022,1,9,prevalence,0.060092449922958396,0.04361370716510903,0.05692307692307692,0.06885245901639345,0.022508038585209004,0.038525963149078725,0.04487179487179487,0.021806853582554516,0.026058631921824105,0.007836990595611285,0.057283142389525366,0.013179571663920923,0.03881987577639751,0.015723270440251572,0.00644122383252818,0.051194539249146756,0.028481012658227847,0.06785137318255251,0.009538950715421303,0.0140625,0.05325443786982249,0.03827751196172249,0.026490066225165563,0.041935483870967745,0.07223113964686999,0.07993730407523511,0.026690391459074734,0.04118616144975288,0.024922118380062305,0.026687598116169546,0.07142857142857142,0.038461538461538464,0.0448,0.0696594427244582,0.03600654664484452,0.04590163934426229,0.04567699836867863,0.023769100169779286,0.038525963149078725,0.03533026113671275,0.035483870967741936,0.020537124802527645,0.023728813559322035,0.04713804713804714,0.0445468509984639,0.036065573770491806,0.019908116385911178,0.06430868167202572,0.027070063694267517,0.015698587127158554,0.04918032786885246,0.02857142857142857,0.06687402799377916,0.012213740458015267,0.05046728971962617,0.06873977086743044,0.04201680672268908,0.08507223113964688,0.020700636942675158,0.033707865168539325,0.04213938411669368,0.05040650406504065,0.034129692832764506,0.027070063694267517,0.027777777777777776,0.04426229508196721,0.0448,0.0744336569579288,0.05719237435008666,0.04983922829581994,0.06535947712418301,0.043010752688172046,0.01957585644371941,0.018461538461538463,0.07232704402515723,0.012558869701726845,0.06546644844517185,0.047619047619047616,0.017064846416382253,0.03054662379421222,0.012924071082390954,0.056105610561056105,0.04132231404958678,0.04091653027823241,0.05222734254992319,0.016819571865443424,0.0350609756097561,0.029310344827586206,0.024232633279483037,0.0372168284789644,0.01765650080256822,0.06542056074766354,0.025559105431309903,0.04409448818897638,0.012152777777777778,0.03260869565217391,0.05329153605015674,0.014423076923076924,0.01631321370309951,0.02910958904109589,0.05128205128205128,0.04643449419568822,0.021638330757341576,0.042071197411003236,0.027156549520766772,0.07321131447587355,0.04862236628849271,0.03135313531353135,0.00974025974025974,0.05263157894736842,0.06535947712418301,0.031932773109243695,0.06047197640117994,0.06386292834890965,0.04792332268370607,0.026936026936026935,0.039097744360902256,0.02337228714524207,0.04187604690117253,0.023178807947019868,0.04574132492113565,0.018808777429467086,0.07809847198641766,0.019877675840978593,0.03286384976525822,0.047775947281713346,0.034976152623211444,0.04862236628849271,0.0421216848673947,0.03079416531604538,0.0738362760834671,0.023696682464454975,0.015822784810126583,0.028985507246376812,0.06420545746388442,0.026194144838212634,0.0467741935483871,0.0457516339869281,0.034055727554179564,0.06220839813374806,0.03588907014681892,0.01804511278195489,0.04043545878693624,0.05032467532467533,0.0514820592823713,0.010169491525423728,0.04242424242424243,0.05492730210016155,0.048013245033112585,0.049773755656108594,0.02127659574468085,0.06497622820919176,0.035653650254668934,0.014900662251655629,0.034375,0.05922165820642978,0.07142857142857142,0.06199021207177814,0.01732283464566929,0.05787781350482315,0.030791788856304986,0.06199021207177814,0.022617124394184167,0.03482587064676617,0.05511811023622047,0.045060658578856154,0.0401854714064915,0.05378151260504202,0.04262295081967213,0.0453125,0.0228310502283105,0.00794912559618442,0.04636785162287481,0.032915360501567396,0.04333868378812199,0.05555555555555555,0.030201342281879196,0.012924071082390954,0.032,0.04019292604501608,0.02711323763955343,0.0078125,0.034055727554179564,0.0315955766192733,0.04363001745200698,0.01263823064770932,0.013008130081300813,0.019543973941368076,0.03930817610062893,0.034013605442176874,0.030015797788309637,0.024671052631578948,0.04213938411669368,0.05368098159509203,0.016025641025641024,0.029874213836477988,0.048513302034428794,0.020761245674740483,0.04133545310015898,0.031198686371100164
2023,1,9,prevalence,0.06018518518518518,0.04122137404580153,0.05337519623233909,0.15321252059308071,0.04258675078864353,0.02618657937806874,0.03577235772357724,0.025196850393700787,0.01779935275080906,0.0030441400304414,0.034976152623211444,0.005128205128205128,0.028744326777609682,0.025196850393700787,0.0032520325203252032,0.056218057921635436,0.022764227642276424,0.05921052631578947,0.015313935681470138,0.03328050713153724,0.09789156626506024,0.033386327503974564,0.018211920529801324,0.042483660130718956,0.07741935483870968,0.08346709470304976,0.02072538860103627,0.04628099173553719,0.03353658536585366,0.015479876160990712,0.08221476510067115,0.035483870967741936,0.02875399361022364,0.0609375,0.046849757673667204,0.048465266558966075,0.05536912751677853,0.013008130081300813,0.04130808950086059,0.023564064801178203,0.023140495867768594,0.0110062893081761,0.023411371237458192,0.03636363636363636,0.056402439024390245,0.05228758169934641,0.015384615384615385,0.056451612903225805,0.027156549520766772,0.012519561815336464,0.061389337641357025,0.036303630363036306,0.06317411402157165,0.010622154779969651,0.05653710247349823,0.06333333333333334,0.023450586264656615,0.08006535947712418,0.012618296529968454,0.04340836012861737,0.03210272873194221,0.04700162074554295,0.025380710659898477,0.02531645569620253,0.0202808112324493,0.049099836333878884,0.04245283018867924,0.055284552845528454,0.050522648083623695,0.040625,0.07881773399014778,0.032507739938080496,0.017713365539452495,0.021103896103896104,0.07570977917981073,0.008025682182985553,0.06612903225806452,0.021103896103896104,0.013559322033898305,0.048589341692789965,0.011456628477905073,0.06416275430359937,0.05564387917329094,0.04,0.0390015600624025,0.04126984126984127,0.02157164869029276,0.029209621993127148,0.012924071082390954,0.046251993620414676,0.017488076311605722,0.06572769953051644,0.028616852146263912,0.0220125786163522,0.01020408163265306,0.03186646433990895,0.06912442396313365,0.01584786053882726,0.01854974704890388,0.023529411764705882,0.0631911532385466,0.05475040257648953,0.014240506329113924,0.027156549520766772,0.026687598116169546,0.05756578947368421,0.03571428571428571,0.036605657237936774,0.008169934640522876,0.051926298157453935,0.04897314375987362,0.037037037037037035,0.05,0.05901116427432217,0.0449438202247191,0.01652892561983471,0.030349013657056147,0.026936026936026935,0.03633217993079585,0.02258064516129032,0.05271317829457364,0.009389671361502348,0.08547008547008547,0.011023622047244094,0.030627871362940276,0.05573770491803279,0.03490136570561457,0.0387858347386172,0.0421216848673947,0.044585987261146494,0.06969205834683954,0.0272,0.014084507042253521,0.03161397670549085,0.05778491171749599,0.03533026113671275,0.0464,0.02903225806451613,0.027820710973724884,0.051829268292682924,0.02936378466557912,0.013493253373313344,0.07395498392282958,0.05228758169934641,0.03969465648854962,0.017152658662092625,0.03074670571010249,0.07852564102564102,0.0297029702970297,0.041474654377880185,0.022151898734177215,0.046511627906976744,0.0410958904109589,0.020442930153321975,0.03064516129032258,0.04643449419568822,0.08373590982286634,0.0713128038897893,0.01740506329113924,0.07753164556962025,0.02654867256637168,0.054313099041533544,0.00644122383252818,0.04311774461028192,0.052307692307692305,0.058519793459552494,0.03379416282642089,0.03430531732418525,0.03431372549019608,0.030844155844155844,0.029411764705882353,0.008025682182985553,0.04821150855365474,0.02047244094488189,0.060653188180404355,0.05572755417956656,0.02800658978583196,0.006557377049180328,0.02622950819672131,0.05778491171749599,0.015723270440251572,0.0046439628482972135,0.041474654377880185,0.06372549019607843,0.04201680672268908,0.012403100775193798,0.012965964343598054,0.01639344262295082,0.05573248407643312,0.04852686308492201,0.023148148148148147,0.021739130434782608,0.049441786283891544,0.06441717791411043,0.021739130434782608,0.0141287284144427,0.03605015673981191,0.041025641025641026,0.046875,0.03536977491961415
2024,1,9,prevalence,0.04179566563467492,0.05069124423963134,0.0572289156626506,0.20195439739413681,0.05,0.021702838063439065,0.03503184713375796,0.0421875,0.009771986970684038,0.0,0.03508771929824561,0.0032733224222585926,0.046546546546546545,0.02280130293159609,0.0015873015873015873,0.07809847198641766,0.011382113821138212,0.05723905723905724,0.006349206349206349,0.04225352112676056,0.13343328335832083,0.06568144499178982,0.031198686371100164,0.02847571189279732,0.09206349206349207,0.09001636661211129,0.010582010582010581,0.053691275167785234,0.03481012658227848,0.017488076311605722,0.06776859504132231,0.026016260162601626,0.019769357495881382,0.027243589743589744,0.07095709570957096,0.044374009508716325,0.05472636815920398,0.014634146341463415,0.04529616724738676,0.03338391502276176,0.024311183144246355,0.009478672985781991,0.018581081081081082,0.05023547880690738,0.05053598774885146,0.0723905723905724,0.012195121951219513,0.04051863857374392,0.01594896331738437,0.00946372239747634,0.11488673139158576,0.01854974704890388,0.06687402799377916,0.004615384615384616,0.1113013698630137,0.05804311774461028,0.019966722129783693,0.07213114754098361,0.009630818619582664,0.035483870967741936,0.054276315789473686,0.02622950819672131,0.02671118530884808,0.030744336569579287,0.01866251944012442,0.07679738562091504,0.052715654952076675,0.06969205834683954,0.08376963350785341,0.03475513428120063,0.06699346405228758,0.027314112291350532,0.012558869701726845,0.020700636942675158,0.06646525679758308,0.009419152276295133,0.07281553398058252,0.01461038961038961,0.013179571663920923,0.06426332288401254,0.00949367088607595,0.05314009661835749,0.07766990291262135,0.048,0.02821316614420063,0.05100463678516229,0.027190332326283987,0.025510204081632654,0.008333333333333333,0.05388272583201268,0.020602218700475437,0.04716981132075472,0.034375,0.02086677367576244,0.010067114093959731,0.0409711684370258,0.08948194662480377,0.012658227848101266,0.03571428571428571,0.011400651465798045,0.09968354430379747,0.04426229508196721,0.009868421052631578,0.02694136291600634,0.021346469622331693,0.04830917874396135,0.03924646781789639,0.01615508885298869,0.006462035541195477,0.04915254237288136,0.058823529411764705,0.028286189683860232,0.05238828967642527,0.0401854714064915,0.06645569620253164,0.013029315960912053,0.02936630602782071,0.046632124352331605,0.03372681281618887,0.011254019292604502,0.045454545454545456,0.0047169811320754715,0.06429780033840947,0.00764525993883792,0.0210016155088853,0.0794912559618442,0.0234375,0.04384485666104553,0.03697996918335902,0.08125,0.05071315372424723,0.03414634146341464,0.015772870662460567,0.027960526315789474,0.07165605095541401,0.03565891472868217,0.05448717948717949,0.0144,0.03201219512195122,0.04395604395604396,0.024,0.010558069381598794,0.1069182389937107,0.06623586429725363,0.03260869565217391,0.011627906976744186,0.02706766917293233,0.08809135399673736,0.014492753623188406,0.03538461538461538,0.027552674230145867,0.04451510333863275,0.04436860068259386,0.008561643835616438,0.02936378466557912,0.04700162074554295,0.06430868167202572,0.0898876404494382,0.009569377990430622,0.06614173228346457,0.028273809523809524,0.027331189710610933,0.0065040650406504065,0.06752411575562701,0.059375,0.08731466227347612,0.027070063694267517,0.052980132450331126,0.0440251572327044,0.027777777777777776,0.020967741935483872,0.003278688524590164,0.04173354735152488,0.02773246329526917,0.08695652173913043,0.061806656101426306,0.020833333333333332,0.0065252854812398045,0.051696284329563816,0.08974358974358974,0.012345679012345678,0.003067484662576687,0.07511737089201878,0.05778491171749599,0.04065040650406504,0.010802469135802469,0.016863406408094434,0.003257328990228013,0.061191626409017714,0.050505050505050504,0.03605015673981191,0.08431703204047218,0.051364365971107544,0.05504587155963303,0.029503105590062112,0.0015503875968992248,0.03639240506329114,0.08347245409015025,0.0490506329113924,0.057971014492753624
2025,1,9,prevalence,0.0440251572327044,0.06190476190476191,0.053973013493253376,0.2861736334405145,0.03636363636363636,0.026936026936026935,0.032679738562091505,0.04675716440422323,0.006299212598425197,0.0,0.06026058631921824,0.0016313213703099511,0.07492354740061162,0.027463651050080775,0.004724409448818898,0.10049423393739704,0.00949367088607595,0.07166666666666667,0.0,0.029411764705882353,0.12293853073463268,0.0734094616639478,0.04088586030664395,0.03927986906710311,0.09546165884194054,0.08771929824561403,0.00684931506849315,0.0805921052631579,0.060221870047543584,0.011111111111111112,0.054187192118226604,0.030744336569579287,0.014516129032258065,0.012678288431061807,0.05778491171749599,0.05873015873015873,0.060755336617405585,0.006622516556291391,0.03626943005181347,0.017991004497751123,0.025889967637540454,0.0062402496099844,0.01839464882943144,0.0685805422647528,0.05337519623233909,0.07979626485568761,0.011075949367088608,0.05152979066022544,0.009554140127388535,0.006220839813374806,0.1574539363484087,0.03035413153456998,0.10381679389312977,0.004665629860031105,0.0944741532976827,0.05804311774461028,0.01335559265442404,0.09181969949916527,0.006430868167202572,0.025157232704402517,0.049679487179487176,0.028938906752411574,0.02195945945945946,0.02138157894736842,0.017080745341614908,0.10526315789473684,0.054945054945054944,0.06239737274220033,0.11072664359861592,0.020155038759689922,0.0732484076433121,0.030627871362940276,0.011182108626198083,0.02627511591962906,0.1059001512859304,0.00641025641025641,0.06435643564356436,0.03286384976525822,0.009819967266775777,0.12025316455696203,0.01631321370309951,0.04451510333863275,0.07142857142857142,0.056451612903225805,0.007849293563579277,0.06349206349206349,0.018154311649016642,0.02861952861952862,0.0032626427406199023,0.0512,0.017628205128205128,0.04272151898734177,0.0265210608424337,0.024311183144246355,0.008389261744966443,0.02465331278890601,0.09305993690851735,0.001579778830963665,0.03690685413005272,0.022838499184339316,0.17703349282296652,0.05025125628140704,0.006514657980456026,0.020569620253164556,0.014240506329113924,0.026016260162601626,0.06748466257668712,0.024115755627009645,0.011217948717948718,0.04809286898839138,0.0594855305466238,0.0144,0.04791344667697063,0.04692556634304207,0.10126582278481013,0.011308562197092083,0.0228310502283105,0.0548885077186964,0.023809523809523808,0.00794912559618442,0.05128205128205128,0.003110419906687403,0.07236842105263158,0.004901960784313725,0.023734177215189875,0.06003159557661927,0.02304147465437788,0.04326123128119801,0.031545741324921134,0.10776545166402536,0.03815580286168521,0.03231017770597738,0.011058451816745656,0.030894308943089432,0.08870967741935484,0.0359375,0.05834683954619125,0.0096,0.030395136778115502,0.0440251572327044,0.022796352583586626,0.0074850299401197605,0.09576138147566719,0.07753164556962025,0.0499219968798752,0.006779661016949152,0.024709302325581394,0.15268456375838926,0.008156606851549755,0.03869969040247678,0.03169572107765452,0.0484375,0.040955631399317405,0.006633499170812604,0.03745928338762215,0.04051863857374392,0.059967585089141004,0.14556962025316456,0.006600660066006601,0.06923076923076923,0.01579778830963665,0.02138157894736842,0.00819672131147541,0.10625,0.10581222056631892,0.12357723577235773,0.028481012658227847,0.029411764705882353,0.0440251572327044,0.017770597738287562,0.01889763779527559,0.003372681281618887,0.04186795491143317,0.04051863857374392,0.10387596899224806,0.09538950715421304,0.014423076923076924,0.004846526655896607,0.05177993527508091,0.10366826156299841,0.016897081413210446,0.0030441400304414,0.14054927302100162,0.0728476821192053,0.028938906752411574,0.004518072289156626,0.011647254575707155,0.00975609756097561,0.09854604200323101,0.025906735751295335,0.0401854714064915,0.100169779286927,0.07419354838709677,0.08605341246290801,0.034976152623211444,0.001557632398753894,0.025078369905956112,0.1097972972972973,0.06200317965023847,0.112
