Time,age_start,age_end,measure,draw_0,draw_1,draw_2,draw_3,draw_4,draw_5,draw_6,draw_7,draw_8,draw_9,draw_10,draw_11,draw_12,draw_13,draw_14,draw_15,draw_16,draw_17,draw_18,draw_19,draw_20,draw_21,draw_22,draw_23,draw_24,draw_25,draw_26,draw_27,draw_28,draw_29,draw_30,draw_31,draw_32,draw_33,draw_34,draw_35,draw_36,draw_37,draw_38,draw_39,draw_40,draw_41,draw_42,draw_43,draw_44,draw_45,draw_46,draw_47,draw_48,draw_49,draw_50,draw_51,draw_52,draw_53,draw_54,draw_55,draw_56,draw_57,draw_58,draw_59,draw_60,draw_61,draw_62,draw_63,draw_64,draw_65,draw_66,draw_67,draw_68,draw_69,draw_70,draw_71,draw_72,draw_73,draw_74,draw_75,draw_76,draw_77,draw_78,draw_79,draw_80,draw_81,draw_82,draw_83,draw_84,draw_85,draw_86,draw_87,draw_88,draw_89,draw_90,draw_91,draw_92,draw_93,draw_94,draw_95,draw_96,draw_97,draw_98,draw_99,draw_100,draw_101,draw_102,draw_103,draw_104,draw_105,draw_106,draw_107,draw_108,draw_109,draw_110,draw_111,draw_112,draw_113,draw_114,draw_115,draw_116,draw_117,draw_118,draw_119,draw_120,draw_121,draw_122,draw_123,draw_124,draw_125,draw_126,draw_127,draw_128,draw_129,draw_130,draw_131,draw_132,draw_133,draw_134,draw_135,draw_136,draw_137,draw_138,draw_139,draw_140,draw_141,draw_142,draw_143,draw_144,draw_145,draw_146,draw_147,draw_148,draw_149,draw_150,draw_151,draw_152,draw_153,draw_154,draw_155,draw_156,draw_157,draw_158,draw_159,draw_160,draw_161,draw_162,draw_163,draw_164,draw_165,draw_166,draw_167,draw_168,draw_169,draw_170,draw_171,draw_172,draw_173,draw_174,draw_175,draw_176,draw_177,draw_178,draw_179,draw_180,draw_181,draw_182,draw_183,draw_184,draw_185,draw_186,draw_187,draw_188,draw_189,draw_190,draw_191,draw_192,draw_193,draw_194,draw_195,draw_196,draw_197,draw_198,draw_199
1996,1,9,prevalence,0.058544303797468354,0.2294022617124394,0.10153846153846154,0.19732937685459942,0.13884555382215288,0.14570552147239263,0.1296,0.1260096930533118,0.14774494556765164,0.05,0.13787638668779714,0.06456456456456457,0.19642857142857142,0.04487179487179487,0.08936825885978428,0.1073170731707317,0.06814814814814815,0.1470113085621971,0.21664050235478807,0.015432098765432098,0.18099547511312217,0.026845637583892617,0.23565891472868217,0.1019786910197869,0.162754303599374,0.16149068322981366,0.07378335949764521,0.17274167987321712,0.19904458598726116,0.0707395498392283,0.10932475884244373,0.1297134238310709,0.06115702479338843,0.21360759493670886,0.13875598086124402,0.07836990595611286,0.03915171288743882,0.1238390092879257,0.1,0.11993769470404984,0.10773899848254932,0.054602184087363496,0.07119741100323625,0.12401883830455258,0.0,0.022658610271903322,0.23714759535655058,0.09121621621621621,0.09075907590759076,0.05657492354740061,0.13112164296998421,0.05846153846153846,0.11267605633802817,0.0781010719754977,0.11380880121396054,0.09276729559748427,0.00322061191626409,0.010263929618768328,0.0272,0.05329153605015674,0.0380952380952381,0.10793650793650794,0.1092436974789916,0.11612903225806452,0.09206349206349207,0.051593323216995446,0.0047169811320754715,0.14506172839506173,0.1045531197301855,0.09984639016897082,0.14220183486238533,0.12786885245901639,0.07620528771384137,0.07244094488188976,0.11075949367088607,0.1018363939899833,0.0842433697347894,0.0344311377245509,0.07142857142857142,0.1024390243902439,0.1774960380348653,0.1185064935064935,0.19314641744548286,0.09119010819165378,0.14238952536824878,0.08166666666666667,0.05740181268882175,0.17432646592709986,0.12868217054263567,0.14615384615384616,0.11514195583596215,0.14883720930232558,0.17177914110429449,0.015455950540958269,0.07132018209408195,0.09394904458598727,0.21339563862928349,0.08497723823975721,0.048589341692789965,0.06732348111658457,0.009508716323296355,0.10365853658536585,0.056162246489859596,0.06788079470198675,0.23030303030303031,0.042488619119878605,0.1016949152542373,0.04225352112676056,0.14724919093851133,0.19696969696969696,0.1393939393939394,0.12125984251968504,0.05229793977812995,0.043410852713178294,0.1261682242990654,0.07097791798107256,0.0502283105022831,0.09090909090909091,0.0662557781201849,0.059654631083202514,0.11093990755007704,0.10725552050473186,0.10130718954248366,0.0594855305466238,0.046012269938650305,0.12042682926829268,0.12042682926829268,0.12042682926829268,0.15535444947209653,0.15535444947209653,0.06655844155844155,0.09328968903436989,0.09451219512195122,0.0330188679245283,0.0778816199376947,0.152276295133438,0.047619047619047616,0.07611940298507462,0.06441717791411043,0.11532625189681335,0.0464,0.15594855305466238,0.07003257328990228,0.05434782608695652,0.13782051282051283,0.023923444976076555,0.047400611620795105,0.08059701492537313,0.09259259259259259,0.08249158249158249,0.15930599369085174,0.0859375,0.11620294599018004,0.25077399380804954,0.13582089552238805,0.06875,0.22727272727272727,0.04566929133858268,0.09764309764309764,0.11442006269592477,0.05669291338582677,0.1613394216133942,0.1111111111111111,0.09984152139461172,0.10990712074303406,0.10220125786163523,0.11045655375552282,0.10742496050552923,0.11525974025974026,0.10794602698650675,0.16826923076923078,0.03939393939393939,0.1430817610062893,0.11901081916537867,0.02967359050445104,0.0834597875569044,0.10305958132045089,0.0680379746835443,0.09247648902821316,0.08513931888544891,0.20328849028400597,0.104199066874028,0.08755760368663594,0.09582689335394126,0.11773940345368916,0.11993517017828201,0.23014586709886548,0.049441786283891544,0.03350083752093802,0.13496932515337423,0.08647798742138364,0.06534954407294832,0.19096209912536444,0.12836767036450078,0.038109756097560975,0.1389776357827476,0.07934131736526946,0.1706924315619968,0.032,0.047021943573667714
1997,1,9,prevalence,0.05466237942122187,0.21535893155258765,0.13174603174603175,0.22119815668202766,0.1187800963081862,0.15085536547433903,0.14309764309764308,0.10413223140495868,0.12459546925566344,0.056105610561056105,0.13866231647634583,0.07667731629392971,0.12437810945273632,0.04032258064516129,0.15458937198067632,0.11304347826086956,0.0949367088607595,0.12310286677908938,0.2520458265139116,0.026359143327841845,0.1503267973856209,0.02608695652173913,0.24262295081967214,0.0959119496855346,0.12520593080724876,0.17081260364842454,0.09105960264900662,0.20299500831946754,0.18506493506493507,0.0451505016722408,0.1464226289517471,0.14513556618819776,0.056896551724137934,0.22402597402597402,0.11206896551724138,0.09365079365079365,0.06050420168067227,0.138801261829653,0.0867992766726944,0.14637904468412943,0.09202453987730061,0.06239460370994941,0.08,0.1328,0.003284072249589491,0.024922118380062305,0.17922948073701842,0.12542372881355932,0.12131715771230503,0.06382978723404255,0.09740259740259741,0.06382978723404255,0.15409309791332262,0.12581699346405228,0.06645569620253164,0.09666666666666666,0.013311148086522463,0.007716049382716049,0.018302828618968387,0.12264150943396226,0.03194888178913738,0.13277310924369748,0.11301369863013698,0.1035031847133758,0.09121621621621621,0.062402496099843996,0.01001669449081803,0.1762820512820513,0.08900523560209424,0.1359375,0.10819165378670788,0.1386986301369863,0.0640625,0.09076175040518639,0.11165048543689321,0.11371237458193979,0.09193548387096774,0.034375,0.06991869918699187,0.14261744966442952,0.18093699515347333,0.13263525305410123,0.19086460032626426,0.11822660098522167,0.14309764309764308,0.08117443868739206,0.06840390879478828,0.16155088852988692,0.1705790297339593,0.19298245614035087,0.10841423948220065,0.1111111111111111,0.20985691573926868,0.014729950900163666,0.08647798742138364,0.09666666666666666,0.2864,0.1116584564860427,0.08576051779935275,0.06996587030716724,0.023333333333333334,0.09967845659163987,0.05090311986863711,0.08347529812606473,0.18107667210440456,0.04294478527607362,0.08038585209003216,0.05305466237942122,0.11869918699186992,0.25705329153605017,0.1786833855799373,0.10696920583468396,0.05823627287853577,0.03924646781789639,0.11076443057722309,0.09902597402597403,0.0492845786963434,0.11498257839721254,0.06359300476947535,0.087893864013267,0.13008130081300814,0.08426073131955485,0.12824956672443674,0.06354515050167224,0.03650793650793651,0.1625,0.1625,0.1625,0.12599681020733652,0.12599681020733652,0.08264462809917356,0.06174957118353345,0.12326656394453005,0.06814580031695722,0.0859504132231405,0.11074918566775244,0.05666156202143951,0.0949367088607595,0.07006369426751592,0.1573926868044515,0.06199021207177814,0.1683673469387755,0.07958477508650519,0.05806451612903226,0.18197278911564627,0.03442622950819672,0.058823529411764705,0.057722308892355696,0.07097791798107256,0.09015025041736227,0.1056,0.0734094616639478,0.15110356536502548,0.17384370015948963,0.12942989214175654,0.10668789808917198,0.29430379746835444,0.04745762711864407,0.09897610921501707,0.14759535655058043,0.04975922953451043,0.16692913385826771,0.10149253731343283,0.08346972176759411,0.10841423948220065,0.08888888888888889,0.11450381679389313,0.14146341463414633,0.10552763819095477,0.15789473684210525,0.19402985074626866,0.03164556962025317,0.11285266457680251,0.11746031746031746,0.06605222734254992,0.08191653786707882,0.07855973813420622,0.07487520798668885,0.10047846889952153,0.06482982171799027,0.26384364820846906,0.09076175040518639,0.07605177993527508,0.09268292682926829,0.1309328968903437,0.13486842105263158,0.22056384742951907,0.09565217391304348,0.03826955074875208,0.1410459587955626,0.09344262295081968,0.062111801242236024,0.16055045871559634,0.12277867528271405,0.054187192118226604,0.0736,0.0843558282208589,0.19333333333333333,0.026272577996715927,0.03927986906710311
1998,1,9,prevalence,0.07641196013289037,0.14715719063545152,0.1510673234811166,0.2839313572542902,0.13629160063391443,0.18461538461538463,0.17781402936378465,0.1040268456375839,0.0967741935483871,0.05593220338983051,0.10344827586206896,0.06677524429967427,0.12647554806070826,0.06752411575562701,0.2229299363057325,0.1267123287671233,0.11076443057722309,0.11932773109243698,0.24469820554649266,0.02531645569620253,0.2019704433497537,0.017241379310344827,0.17434210526315788,0.0976,0.1262135922330097,0.2,0.11295681063122924,0.18166666666666667,0.1619047619047619,0.05008347245409015,0.15754560530679934,0.15447154471544716,0.0415944540727903,0.2096505823627288,0.08460236886632826,0.13036565977742448,0.05778491171749599,0.12933753943217666,0.08876811594202899,0.17552334943639292,0.07917888563049853,0.05365853658536585,0.0681063122923588,0.1494435612082671,0.009693053311793215,0.031007751937984496,0.15833333333333333,0.12136752136752137,0.08247422680412371,0.0851063829787234,0.08333333333333333,0.09854604200323101,0.14910858995137763,0.11986863711001643,0.06466876971608833,0.06677524429967427,0.029850746268656716,0.017432646592709985,0.025848142164781908,0.18548387096774194,0.07332293291731669,0.06612903225806452,0.14072847682119205,0.10158730158730159,0.0867430441898527,0.09905660377358491,0.03453947368421053,0.1617161716171617,0.10412926391382406,0.1421875,0.07453416149068323,0.14162348877374784,0.08439490445859872,0.10294117647058823,0.1302250803858521,0.1326530612244898,0.0945273631840796,0.027070063694267517,0.048465266558966075,0.1362126245847176,0.1527331189710611,0.14056939501779359,0.1781701444622793,0.14217252396166133,0.13266998341625208,0.06914893617021277,0.09457364341085271,0.16693679092382496,0.16018662519440124,0.1861198738170347,0.09210526315789473,0.11666666666666667,0.2482876712328767,0.037096774193548385,0.10031847133757962,0.12437810945273632,0.23370429252782193,0.08695652173913043,0.07348242811501597,0.07093425605536333,0.059602649006622516,0.10841423948220065,0.060995184590690206,0.0847750865051903,0.14580031695721077,0.06018518518518518,0.10569105691056911,0.03115264797507788,0.10096153846153846,0.27716535433070866,0.14873417721518986,0.06135986733001658,0.09306260575296109,0.05196850393700787,0.1045016077170418,0.10876623376623376,0.05229793977812995,0.0824561403508772,0.07154471544715447,0.10726072607260725,0.14992025518341306,0.09767441860465116,0.17850953206239167,0.05631399317406143,0.035058430717863104,0.14937106918238993,0.14937106918238993,0.14937106918238993,0.08482871125611746,0.08482871125611746,0.08617886178861789,0.04152823920265781,0.15,0.10923076923076923,0.08609271523178808,0.08150470219435736,0.07335329341317365,0.10096153846153846,0.06279434850863422,0.16719745222929935,0.08970099667774087,0.1490066225165563,0.13667820069204153,0.0416,0.19249592169657423,0.0625,0.07511737089201878,0.057902973395931145,0.06466876971608833,0.09328968903436989,0.08589951377633712,0.057003257328990226,0.15699658703071673,0.09951845906902086,0.12400635930047695,0.11650485436893204,0.23397435897435898,0.0423728813559322,0.09375,0.1389776357827476,0.06851549755301795,0.16806722689075632,0.11538461538461539,0.10932475884244373,0.09935897435897435,0.11829652996845426,0.10776545166402536,0.17128874388254486,0.08067226890756303,0.15460526315789475,0.17462932454695224,0.05152979066022544,0.12759170653907495,0.1021671826625387,0.05196850393700787,0.08153846153846153,0.08623548922056384,0.06774193548387097,0.08307692307692308,0.0728476821192053,0.25577557755775576,0.09075907590759076,0.04084967320261438,0.07974481658692185,0.14093959731543623,0.1553398058252427,0.225,0.0840630472854641,0.055,0.15457413249211358,0.11254019292604502,0.0594679186228482,0.15855572998430142,0.12155591572123177,0.048013245033112585,0.066006600660066,0.0733652312599681,0.18914473684210525,0.026101141924959218,0.06050420168067227
1999,1,9,prevalence,0.0681063122923588,0.17089678510998307,0.16796267496111975,0.28802588996763756,0.1589825119236884,0.18867924528301888,0.1419031719532554,0.11147540983606558,0.09210526315789473,0.06174957118353345,0.07478260869565218,0.09283387622149837,0.1513157894736842,0.07865168539325842,0.20190779014308427,0.14093959731543623,0.1111111111111111,0.11813643926788686,0.20358306188925082,0.022508038585209004,0.17218543046357615,0.04310344827586207,0.1343042071197411,0.1717171717171717,0.144,0.15959252971137522,0.10880829015544041,0.17696160267111852,0.15805946791862285,0.06403940886699508,0.12841091492776885,0.13821138211382114,0.059422750424448216,0.15474209650582363,0.10526315789473684,0.13036303630363036,0.11019736842105263,0.1189710610932476,0.10377358490566038,0.1525974025974026,0.07413010590015129,0.08723747980613894,0.04355108877721943,0.18298555377207062,0.02258064516129032,0.06158833063209076,0.17684887459807075,0.140625,0.06937394247038917,0.049099836333878884,0.0967741935483871,0.11446740858505565,0.1539708265802269,0.11222780569514237,0.057096247960848286,0.05863192182410423,0.04326123128119801,0.03189792663476874,0.022508038585209004,0.21382636655948553,0.08333333333333333,0.07852564102564102,0.1318864774624374,0.0811232449297972,0.11237785016286644,0.1403225806451613,0.09791332263242375,0.14013840830449828,0.11669658886894076,0.15822784810126583,0.04930662557781202,0.19930675909878684,0.07766990291262135,0.08598726114649681,0.15447154471544716,0.13705583756345177,0.11725293132328309,0.056,0.0532258064516129,0.11714770797962648,0.1476725521669342,0.18914185639229422,0.14453781512605043,0.14653784219001612,0.14666666666666667,0.08263069139966273,0.11374407582938388,0.1529790660225443,0.20694864048338368,0.2016,0.10509031198686371,0.0903010033444816,0.2,0.03715670436187399,0.10894308943089431,0.15130434782608695,0.22770700636942676,0.06386554621848739,0.08253968253968254,0.10291595197255575,0.09764309764309764,0.10526315789473684,0.10289389067524116,0.08838821490467938,0.14536741214057508,0.07981220657276995,0.09744408945686901,0.0680786686838124,0.09651898734177215,0.20985691573926868,0.1650943396226415,0.04654895666131621,0.11734693877551021,0.09090909090909091,0.11783960720130933,0.09561128526645768,0.10932475884244373,0.09013605442176871,0.08253968253968254,0.11256117455138662,0.13628899835796388,0.09389671361502347,0.25549915397631134,0.0684931506849315,0.02508361204013378,0.13153724247226625,0.13153724247226625,0.13153724247226625,0.08146964856230032,0.08146964856230032,0.07886435331230283,0.02258064516129032,0.14285714285714285,0.15692307692307692,0.08019639934533551,0.09937888198757763,0.10615384615384615,0.07177033492822966,0.06880733944954129,0.15955766192733017,0.09844559585492228,0.12619808306709265,0.1326530612244898,0.05116279069767442,0.19047619047619047,0.0630048465266559,0.10339506172839506,0.08333333333333333,0.102803738317757,0.07164634146341463,0.08914100486223663,0.05228758169934641,0.17747440273037543,0.08239095315024232,0.09554140127388536,0.13570274636510501,0.20358306188925082,0.04647160068846816,0.08319738988580751,0.09779179810725552,0.09001636661211129,0.16638078902229847,0.0859375,0.08412698412698413,0.16560509554140126,0.1484992101105845,0.10048622366288493,0.15196078431372548,0.08085808580858085,0.15522875816993464,0.15548281505728315,0.07766990291262135,0.1631663974151858,0.07738998482549317,0.05279034690799397,0.09615384615384616,0.09134615384615384,0.0761904761904762,0.06436420722135008,0.0727580372250423,0.21833333333333332,0.1465798045602606,0.042692939244663386,0.05144694533762058,0.13179571663920922,0.12898089171974522,0.17627118644067796,0.11208406304728546,0.06688417618270799,0.16310975609756098,0.1192368839427663,0.088,0.13580246913580246,0.1088,0.05921052631578947,0.088379705400982,0.05555555555555555,0.1723027375201288,0.031746031746031744,0.05289256198347107
2000,1,9,prevalence,0.06291390728476821,0.16806722689075632,0.1573926868044515,0.26936026936026936,0.15600624024961,0.19418960244648317,0.14918032786885246,0.0865874363327674,0.10466988727858294,0.07772020725388601,0.10570469798657718,0.09902597402597403,0.15296052631578946,0.09470304975922954,0.20032051282051283,0.1270358306188925,0.09181969949916527,0.10050251256281408,0.2064516129032258,0.030894308943089432,0.1825657894736842,0.061224489795918366,0.14012738853503184,0.18333333333333332,0.14423076923076922,0.12751677852348994,0.09333333333333334,0.15284552845528454,0.13488372093023257,0.05627009646302251,0.09921259842519685,0.1307300509337861,0.04827586206896552,0.1270358306188925,0.08737864077669903,0.15141955835962145,0.10272873194221509,0.14426229508196722,0.1347248576850095,0.15483870967741936,0.05564142194744977,0.12540192926045016,0.059967585089141004,0.1896551724137931,0.055105348460291734,0.06,0.176,0.1552901023890785,0.05254237288135593,0.029605263157894735,0.15210355987055016,0.1497659906396256,0.13689482470784642,0.09274873524451939,0.04406779661016949,0.040257648953301126,0.07528641571194762,0.050314465408805034,0.03343949044585987,0.19155844155844157,0.08191653786707882,0.11058451816745656,0.16183986371379896,0.07401574803149606,0.09584664536741214,0.14331210191082802,0.14653784219001612,0.15371621621621623,0.15221238938053097,0.1971383147853736,0.056782334384858045,0.19931271477663232,0.06655844155844155,0.1,0.14869281045751634,0.16666666666666666,0.13139931740614336,0.12833333333333333,0.08386075949367089,0.16912972085385877,0.1371610845295056,0.20390070921985815,0.13592233009708737,0.12396694214876033,0.11686143572621036,0.061016949152542375,0.13043478260869565,0.1456,0.19880418535127056,0.15562403697996918,0.10350584307178631,0.0738255033557047,0.1826086956521739,0.05573248407643312,0.08412698412698413,0.16917922948073702,0.2768729641693811,0.05272108843537415,0.07931570762052877,0.1001727115716753,0.13134851138353765,0.13354531001589826,0.11326860841423948,0.14382402707275804,0.11483253588516747,0.08649468892261002,0.10596026490066225,0.078003120124805,0.10161290322580645,0.24271844660194175,0.1723076923076923,0.061191626409017714,0.13705583756345177,0.1238390092879257,0.152317880794702,0.09188361408882083,0.14913657770800628,0.06115702479338843,0.11058451816745656,0.1078125,0.1077943615257048,0.09794628751974724,0.21061946902654868,0.09931506849315068,0.0587248322147651,0.16640986132511557,0.16640986132511557,0.16640986132511557,0.10161290322580645,0.10161290322580645,0.07496012759170653,0.0429042904290429,0.11490683229813664,0.19090909090909092,0.14599686028257458,0.12361331220285261,0.1,0.10016420361247948,0.09451219512195122,0.12460063897763578,0.14576271186440679,0.11793214862681745,0.12241379310344827,0.06534954407294832,0.18780096308186195,0.06847133757961783,0.17767295597484276,0.11940298507462686,0.07523510971786834,0.12225705329153605,0.07234726688102894,0.030894308943089432,0.15384615384615385,0.05930807248764415,0.06504065040650407,0.12861736334405144,0.18211920529801323,0.05843071786310518,0.09717868338557993,0.08846761453396525,0.15127388535031847,0.17264957264957265,0.09569377990430622,0.10737179487179487,0.22204213938411668,0.17425431711145997,0.11551155115511551,0.14513556618819776,0.10032894736842106,0.11716171617161716,0.1360759493670886,0.15619967793880837,0.15756630265210608,0.09351432880844646,0.056962025316455694,0.09904153354632587,0.06389776357827476,0.08878504672897196,0.08634222919937205,0.05901639344262295,0.1865546218487395,0.11942675159235669,0.05747126436781609,0.030100334448160536,0.08919382504288165,0.125,0.11494252873563218,0.08680555555555555,0.0656,0.13178294573643412,0.1609907120743034,0.11308562197092084,0.13023255813953488,0.09419152276295134,0.08388157894736842,0.09618573797678276,0.04361873990306947,0.22523961661341854,0.03622047244094488,0.06365159128978225
2001,1,9,prevalence,0.05825242718446602,0.16777408637873753,0.1406003159557662,0.24878836833602586,0.14152410575427682,0.22388059701492538,0.18035426731078905,0.13752122241086587,0.11639344262295082,0.08202443280977312,0.13275862068965516,0.13432835820895522,0.19630872483221476,0.1360759493670886,0.17563291139240506,0.12479474548440066,0.0587248322147651,0.09936908517350158,0.21621621621621623,0.05032467532467533,0.14715719063545152,0.0651085141903172,0.1962025316455696,0.1509433962264151,0.13776337115072934,0.115,0.1299342105263158,0.12727272727272726,0.13363363363363365,0.08842443729903537,0.09538950715421304,0.11591695501730104,0.054982817869415807,0.13787638668779714,0.08229813664596274,0.1990521327014218,0.16908212560386474,0.17124394184168013,0.12121212121212122,0.1592775041050903,0.05409582689335394,0.1323529411764706,0.08306709265175719,0.2527821939586645,0.08156606851549755,0.08717105263157894,0.12218649517684887,0.1625207296849088,0.03278688524590164,0.05582137161084529,0.1568627450980392,0.14826498422712933,0.16225165562913907,0.10902896081771721,0.051666666666666666,0.07890499194847021,0.09546925566343042,0.0947867298578199,0.0491283676703645,0.2145214521452145,0.10612855007473841,0.13680781758957655,0.18697829716193656,0.08878504672897196,0.10161290322580645,0.16155088852988692,0.15248796147672553,0.15206611570247933,0.140893470790378,0.19284603421461896,0.11605723370429252,0.14834205933682373,0.04738562091503268,0.0992,0.1664,0.195,0.17035775127768313,0.10367892976588629,0.11356466876971609,0.23344370860927152,0.14896988906497624,0.19133574007220217,0.10932475884244373,0.15358931552587646,0.1048252911813644,0.06972789115646258,0.1308562197092084,0.14144736842105263,0.13292117465224113,0.16927899686520376,0.09602649006622517,0.09380234505862646,0.18804920913884007,0.04975922953451043,0.0640625,0.15816326530612246,0.21859706362153344,0.05813953488372093,0.11882716049382716,0.15577889447236182,0.16666666666666666,0.14378029079159935,0.11616954474097331,0.13957307060755336,0.1507293354943274,0.10920436817472699,0.10231023102310231,0.109375,0.1038961038961039,0.18779342723004694,0.1410459587955626,0.11018363939899833,0.18339100346020762,0.13186813186813187,0.14662273476112025,0.11635220125786164,0.1752738654147105,0.10726072607260725,0.11332312404287902,0.11003236245954692,0.09546925566343042,0.10599078341013825,0.17744610281923714,0.08739495798319327,0.07352941176470588,0.1550632911392405,0.1550632911392405,0.1550632911392405,0.10186757215619695,0.10186757215619695,0.09531502423263329,0.0425531914893617,0.10675039246467818,0.23219814241486067,0.26676829268292684,0.14583333333333334,0.09365558912386707,0.10281923714759536,0.0998439937597504,0.1292834890965732,0.17957166392092258,0.1043338683788122,0.087248322147651,0.0955223880597015,0.167420814479638,0.10566615620214395,0.20221169036334913,0.16797488226059654,0.10031847133757962,0.12804878048780488,0.07754442649434572,0.024469820554649267,0.12609457092819615,0.061258278145695365,0.05967741935483871,0.16666666666666666,0.13712374581939799,0.06535947712418301,0.08610271903323263,0.07290015847860538,0.15955766192733017,0.11663807890222985,0.09828393135725429,0.1338709677419355,0.24875621890547264,0.12244897959183673,0.13758389261744966,0.11802232854864433,0.1312803889789303,0.11400651465798045,0.1281645569620253,0.21428571428571427,0.215748031496063,0.0989345509893455,0.09204368174726989,0.1,0.040372670807453416,0.09345794392523364,0.12131147540983607,0.0644122383252818,0.15437392795883362,0.11912225705329153,0.06045751633986928,0.03529411764705882,0.07508532423208192,0.11727416798732171,0.13651315789473684,0.0847457627118644,0.07849293563579278,0.14803149606299212,0.15151515151515152,0.09180327868852459,0.09907120743034056,0.13003095975232198,0.11986863711001643,0.0992,0.07309486780715396,0.2297734627831715,0.038338658146964855,0.07993197278911565
2002,1,9,prevalence,0.06957928802588997,0.20915032679738563,0.13884555382215288,0.22712418300653595,0.11631663974151858,0.2265625,0.16286644951140064,0.13590604026845637,0.12135922330097088,0.11478260869565217,0.08768971332209106,0.12012987012987013,0.19310344827586207,0.178125,0.17363344051446947,0.12335526315789473,0.07744107744107744,0.10048622366288493,0.1444805194805195,0.07986688851913477,0.10906040268456375,0.09967320261437909,0.23100303951367782,0.14802065404475043,0.112,0.1331168831168831,0.15384615384615385,0.12372881355932204,0.14285714285714285,0.07389162561576355,0.10144927536231885,0.12220309810671257,0.06546644844517185,0.16560509554140126,0.12538699690402477,0.1926751592356688,0.15609756097560976,0.1554054054054054,0.16202090592334495,0.15953947368421054,0.07119741100323625,0.11038961038961038,0.11023622047244094,0.288135593220339,0.08223684210526316,0.10333333333333333,0.10883280757097792,0.18035426731078905,0.050488599348534204,0.10679611650485436,0.18831168831168832,0.11285266457680251,0.1610738255033557,0.09688013136288999,0.0587248322147651,0.08265802269043761,0.11164274322169059,0.14761904761904762,0.06307692307692307,0.15344827586206897,0.12345679012345678,0.13949843260188088,0.22,0.10200927357032458,0.10756302521008404,0.18506493506493507,0.200652528548124,0.1650485436893204,0.15140845070422534,0.16459627329192547,0.1498422712933754,0.13414634146341464,0.06535947712418301,0.127831715210356,0.14169381107491857,0.17828200972447325,0.14166666666666666,0.09531502423263329,0.1726844583987441,0.23383084577114427,0.15689381933438987,0.24601769911504426,0.12096774193548387,0.13957307060755336,0.09688013136288999,0.09951060358890701,0.12759170653907495,0.12095400340715502,0.12210200927357033,0.13592233009708737,0.11239669421487604,0.12351945854483926,0.18166383701188454,0.06873977086743044,0.07332293291731669,0.14795918367346939,0.13210702341137123,0.052364864864864864,0.09748427672955975,0.15867768595041323,0.2413793103448276,0.17170111287758347,0.1584,0.17483660130718953,0.14923076923076922,0.1111111111111111,0.116751269035533,0.17274167987321712,0.0946843853820598,0.16534181240063592,0.1648,0.11204013377926421,0.18652849740932642,0.12987012987012986,0.18152350081037277,0.09905660377358491,0.16045380875202594,0.12214983713355049,0.13239875389408098,0.10099337748344371,0.11908646003262642,0.13871951219512196,0.14020270270270271,0.09735973597359736,0.1140495867768595,0.12183544303797468,0.12183544303797468,0.12183544303797468,0.11643835616438356,0.11643835616438356,0.13672496025437203,0.07028753993610223,0.09208400646203554,0.19838709677419356,0.2329803328290469,0.14402618657937807,0.1372854914196568,0.09870550161812297,0.09951845906902086,0.15981012658227847,0.1782178217821782,0.11867088607594936,0.10465116279069768,0.1095890410958904,0.14701378254211334,0.14057507987220447,0.23217247097844113,0.2064516129032258,0.14446227929373998,0.11624441132637854,0.08485856905158069,0.0554675118858954,0.14107142857142857,0.05337519623233909,0.05454545454545454,0.1772357723577236,0.1330049261083744,0.12227805695142378,0.10832025117739404,0.06259780907668232,0.15224358974358973,0.07081174438687392,0.12680577849117175,0.17214397496087636,0.24466338259441708,0.11442006269592477,0.14332247557003258,0.14378029079159935,0.1412151067323481,0.11201298701298701,0.1185064935064935,0.22071307300509338,0.23684210526315788,0.09323308270676692,0.1410459587955626,0.1024,0.05529225908372828,0.08952959028831563,0.11589403973509933,0.07210031347962383,0.14983164983164984,0.125,0.08744038155802862,0.06565656565656566,0.058419243986254296,0.14668769716088328,0.1567291311754685,0.06754530477759473,0.11077389984825493,0.13853503184713375,0.12405446293494705,0.10361842105263158,0.11214953271028037,0.14069591527987896,0.14096185737976782,0.08688524590163935,0.09597523219814241,0.21565495207667731,0.08056872037914692,0.10135135135135136
2003,1,9,prevalence,0.08814102564102565,0.20032051282051283,0.11459968602825746,0.1830065359477124,0.10210696920583469,0.15030674846625766,0.13658536585365855,0.11241610738255034,0.13192182410423453,0.1649122807017544,0.12086092715231789,0.15604026845637584,0.1680960548885077,0.16113744075829384,0.2032520325203252,0.17744610281923714,0.0730050933786078,0.1346153846153846,0.12317666126418152,0.10310965630114566,0.09570957095709572,0.13976705490848584,0.1885369532428356,0.12908777969018934,0.10310965630114566,0.14309210526315788,0.156957928802589,0.11815068493150685,0.14533965244865718,0.11661341853035144,0.11577181208053691,0.13508771929824562,0.08520900321543408,0.17405063291139242,0.16535433070866143,0.16773162939297126,0.1610305958132045,0.1541095890410959,0.14359861591695502,0.2,0.08634222919937205,0.10912052117263844,0.11287758346581876,0.21207430340557276,0.07167235494880546,0.08482871125611746,0.13132911392405064,0.16613418530351437,0.04617834394904458,0.13344316309719934,0.1588628762541806,0.1734375,0.20234113712374582,0.11367380560131796,0.09868421052631579,0.11056910569105691,0.09220985691573927,0.1610305958132045,0.05598755832037325,0.10634648370497427,0.1527777777777778,0.16957210776545167,0.232,0.1058282208588957,0.11390284757118928,0.2079866888519135,0.2396694214876033,0.21172638436482086,0.18246869409660108,0.1506849315068493,0.1809672386895476,0.1319796954314721,0.0762987012987013,0.09983633387888707,0.1331168831168831,0.17932148626817448,0.11056105610561057,0.11635220125786164,0.2076069730586371,0.21176470588235294,0.1642512077294686,0.18150087260034903,0.09018987341772151,0.1537242472266244,0.07877813504823152,0.1262135922330097,0.16639741518578352,0.10588235294117647,0.12759170653907495,0.15085536547433903,0.12418300653594772,0.13287904599659284,0.1786339754816112,0.10655737704918032,0.08452950558213716,0.115,0.1546218487394958,0.0773109243697479,0.10191082802547771,0.1870860927152318,0.2629815745393635,0.15372168284789645,0.14536741214057508,0.14507772020725387,0.26605504587155965,0.09693053311793215,0.10623946037099494,0.26791277258566976,0.0701468189233279,0.11698717948717949,0.1477832512315271,0.2042833607907743,0.16095890410958905,0.1407035175879397,0.17142857142857143,0.11396468699839486,0.18167456556082148,0.12082670906200318,0.1171993911719939,0.09849749582637729,0.12179487179487179,0.17391304347826086,0.14521452145214522,0.104,0.15599343185550082,0.15085536547433903,0.15085536547433903,0.15085536547433903,0.12709030100334448,0.12709030100334448,0.15772870662460567,0.09886547811993517,0.09657320872274143,0.21019108280254778,0.19374068554396423,0.14593698175787728,0.1600633914421553,0.11437908496732026,0.09152542372881356,0.16875,0.14424635332252836,0.09870550161812297,0.11260504201680673,0.12168486739469579,0.16535433070866143,0.13928012519561817,0.21634615384615385,0.19704433497536947,0.12908496732026145,0.07602339181286549,0.09183673469387756,0.07037643207855974,0.11504424778761062,0.121875,0.09768211920529801,0.1781701444622793,0.12080536912751678,0.16188870151770657,0.1382636655948553,0.07221350078492936,0.13064516129032258,0.06925675675675676,0.15748031496062992,0.15813953488372093,0.2440677966101695,0.08964451313755796,0.15206611570247933,0.12418300653594772,0.11589403973509933,0.10551948051948051,0.11856474258970359,0.22445561139028475,0.23868954758190328,0.11746987951807229,0.18124006359300476,0.1376,0.0706605222734255,0.1130690161527166,0.10655737704918032,0.0966183574879227,0.15555555555555556,0.1567043618739903,0.11464968152866242,0.06598984771573604,0.06206896551724138,0.14285714285714285,0.18055555555555555,0.06851549755301795,0.13859910581222057,0.17041800643086816,0.11791044776119403,0.1323529411764706,0.12751677852348994,0.13551401869158877,0.14119601328903655,0.0945273631840796,0.13385826771653545,0.26033690658499237,0.08653846153846154,0.1099290780141844
2004,1,9,prevalence,0.07377049180327869,0.22132471728594508,0.10377358490566038,0.14102564102564102,0.10891089108910891,0.10920436817472699,0.09768211920529801,0.12091503267973856,0.18,0.196113074204947,0.09390444810543658,0.21702838063439064,0.11973018549747048,0.2375776397515528,0.17580645161290323,0.18612521150592218,0.0782608695652174,0.19292604501607716,0.13001605136436598,0.18181818181818182,0.09886547811993517,0.17195325542570952,0.16248153618906944,0.14507772020725387,0.09018987341772151,0.13945578231292516,0.12845528455284552,0.12040133779264214,0.15348101265822786,0.12341772151898735,0.13570274636510501,0.15232974910394265,0.057971014492753624,0.21035598705501618,0.15821812596006143,0.11237785016286644,0.11582381729200653,0.13573883161512026,0.16179001721170397,0.16161616161616163,0.128125,0.1035031847133758,0.16957210776545167,0.1473851030110935,0.15966386554621848,0.10050251256281408,0.1458670988654781,0.12145110410094637,0.06521739130434782,0.11973018549747048,0.13682432432432431,0.14803149606299212,0.17905405405405406,0.1352253756260434,0.12355848434925865,0.0966183574879227,0.08589951377633712,0.1825525040387722,0.06800618238021638,0.07534246575342465,0.15853658536585366,0.19298245614035087,0.2211690363349131,0.11335403726708075,0.11,0.19805194805194806,0.23387096774193547,0.22570532915360503,0.17452006980802792,0.12093023255813953,0.17049180327868851,0.10445205479452055,0.09917355371900827,0.10673234811165845,0.104,0.11202635914332784,0.10909090909090909,0.1035031847133758,0.2199367088607595,0.16891891891891891,0.17174959871589085,0.14864864864864866,0.10542635658914729,0.176,0.11987381703470032,0.1640625,0.1664,0.12562814070351758,0.1553398058252427,0.1616,0.09427609427609428,0.14186851211072665,0.1847457627118644,0.11274509803921569,0.08860759493670886,0.1018363939899833,0.2006861063464837,0.11980033277870217,0.08828250401284109,0.09693877551020408,0.20603015075376885,0.191869918699187,0.1456,0.1097972972972973,0.21870047543581617,0.1032258064516129,0.10490693739424704,0.30158730158730157,0.07827476038338659,0.15064102564102563,0.18506493506493507,0.22075782537067545,0.1416382252559727,0.10696920583468396,0.16957210776545167,0.11287758346581876,0.1331168831168831,0.1166936790923825,0.12519561815336464,0.11986863711001643,0.12261146496815287,0.18838304552590268,0.0924092409240924,0.1109375,0.1744186046511628,0.18022328548644337,0.18022328548644337,0.18022328548644337,0.13942307692307693,0.13942307692307693,0.17692307692307693,0.08957654723127036,0.12305295950155763,0.1537242472266244,0.17673716012084592,0.16905901116427433,0.13843648208469056,0.146218487394958,0.10720268006700168,0.16797488226059654,0.10333863275039745,0.09225700164744646,0.1079646017699115,0.1404320987654321,0.13971742543171115,0.17889908256880735,0.17891373801916932,0.19312602291325695,0.1583198707592892,0.06142857142857143,0.08919382504288165,0.08660130718954248,0.15724381625441697,0.15748031496062992,0.17725752508361203,0.18995290423861852,0.12116040955631399,0.2019704433497537,0.1532258064516129,0.1085899513776337,0.10641627543035993,0.1361344537815126,0.15590551181102363,0.11272141706924316,0.17435897435897435,0.06046511627906977,0.14143094841930118,0.11056105610561057,0.09032258064516129,0.09868421052631579,0.10551181102362205,0.1511627906976744,0.2627388535031847,0.1485884101040119,0.16639477977161501,0.15296052631578946,0.07244094488188976,0.16615384615384615,0.1403225806451613,0.09090909090909091,0.13509060955518945,0.16853932584269662,0.12678288431061807,0.08896210873146623,0.09217391304347826,0.1282051282051282,0.22203389830508474,0.08025682182985554,0.16843702579666162,0.18433931484502447,0.1649016641452345,0.15584415584415584,0.09914529914529914,0.138763197586727,0.11224489795918367,0.08135593220338982,0.1337579617834395,0.24522292993630573,0.1579778830963665,0.13194444444444445
2005,1,9,prevalence,0.06060606060606061,0.2119205298013245,0.08150470219435736,0.1794871794871795,0.12234910277324633,0.1008,0.10891089108910891,0.13322368421052633,0.1757188498402556,0.2195540308747856,0.11686143572621036,0.2751677852348993,0.08681135225375626,0.19349845201238391,0.12254901960784313,0.1983739837398374,0.04903677758318739,0.1838351822503962,0.1472,0.22847682119205298,0.09193548387096774,0.22903225806451613,0.18445121951219512,0.13013698630136986,0.10443037974683544,0.11666666666666667,0.17862838915470494,0.11185308848080133,0.15755627009646303,0.10096153846153846,0.1032258064516129,0.17699115044247787,0.03940886699507389,0.19642857142857142,0.15912636505460218,0.09016393442622951,0.08439490445859872,0.11035653650254669,0.16145833333333334,0.11519198664440734,0.1189358372456964,0.07792207792207792,0.2197452229299363,0.13628899835796388,0.18668831168831168,0.07487520798668885,0.15522875816993464,0.098256735340729,0.062402496099843996,0.13242784380305603,0.10562180579216354,0.14308426073131955,0.1404399323181049,0.11793214862681745,0.16612377850162866,0.10702875399361023,0.08,0.14759535655058043,0.07219662058371736,0.07939189189189189,0.13488372093023257,0.16486902927580893,0.1784037558685446,0.10832025117739404,0.09134615384615384,0.22553897180762852,0.18619582664526485,0.2786624203821656,0.09966216216216216,0.12965964343598055,0.18646864686468648,0.08813559322033898,0.09283387622149837,0.066006600660066,0.08520900321543408,0.11532125205930807,0.0847457627118644,0.11004784688995216,0.1518578352180937,0.15544871794871795,0.2064516129032258,0.1812191103789127,0.11338582677165354,0.1302250803858521,0.09470304975922954,0.17445482866043613,0.1629032258064516,0.10598290598290598,0.12579617834394904,0.2435064935064935,0.11228070175438597,0.14451827242524917,0.13798977853492334,0.11464968152866242,0.07617504051863858,0.1079734219269103,0.17157712305025996,0.12521150592216582,0.0935483870967742,0.05912162162162162,0.17304492512479203,0.22185430463576158,0.13247172859450726,0.07178631051752922,0.16534181240063592,0.10526315789473684,0.07236842105263158,0.2468553459119497,0.0878594249201278,0.18225039619651348,0.18896321070234115,0.23039215686274508,0.1447811447811448,0.09385113268608414,0.23208722741433022,0.1421647819063005,0.08940397350993377,0.12755905511811025,0.12202852614896989,0.19561551433389546,0.16531604538087522,0.14393939393939395,0.09577922077922078,0.1838006230529595,0.17898193760262726,0.2269170579029734,0.2269170579029734,0.2269170579029734,0.16990291262135923,0.16990291262135923,0.19909502262443438,0.09286898839137644,0.10939907550077041,0.08888888888888889,0.12213740458015267,0.2118380062305296,0.09060402684563758,0.16722408026755853,0.1237785016286645,0.1614420062695925,0.11801242236024845,0.08169934640522876,0.11379310344827587,0.12305295950155763,0.11993769470404984,0.19907407407407407,0.1509433962264151,0.13136288998357964,0.17956656346749225,0.05803571428571429,0.10720268006700168,0.12861736334405144,0.17028985507246377,0.190625,0.20067453625632378,0.18396226415094338,0.07666666666666666,0.2418831168831169,0.1409090909090909,0.08426073131955485,0.07523510971786834,0.14705882352941177,0.14442700156985872,0.10815307820299501,0.15806988352745424,0.0624048706240487,0.13410596026490065,0.12171052631578948,0.07792207792207792,0.13141025641025642,0.07389937106918239,0.10603588907014681,0.23174603174603176,0.2368024132730015,0.14356435643564355,0.1282051282051282,0.0782472613458529,0.2112,0.1494435612082671,0.1045016077170418,0.1485148514851485,0.1848341232227488,0.09569377990430622,0.06856187290969899,0.07833333333333334,0.0910569105691057,0.24190800681431004,0.07177814029363784,0.1394658753709199,0.15307820299500832,0.12848297213622292,0.12559618441971382,0.07445008460236886,0.1368421052631579,0.10526315789473684,0.052805280528052806,0.17088607594936708,0.23088923556942278,0.13884555382215288,0.10452961672473868
2006,1,9,prevalence,0.052884615384615384,0.20554649265905384,0.06896551724137931,0.22749590834697217,0.1343042071197411,0.09134615384615384,0.12151067323481117,0.09983079526226735,0.14263074484944532,0.2303839732888147,0.14527027027027026,0.24333333333333335,0.10569105691056911,0.21236133122028525,0.08210180623973727,0.20465890183028287,0.0387858347386172,0.14576802507836992,0.13333333333333333,0.27967479674796747,0.1203125,0.2727272727272727,0.15535444947209653,0.1306532663316583,0.11256117455138662,0.11774744027303755,0.18849840255591055,0.09105960264900662,0.11677631578947369,0.10383386581469649,0.125,0.20071047957371227,0.040310077519379844,0.2310177705977383,0.18779342723004694,0.0805921052631579,0.06372549019607843,0.07972270363951472,0.14213197969543148,0.09565217391304348,0.1527777777777778,0.10696920583468396,0.3162118780096308,0.11512027491408934,0.1607717041800643,0.07807308970099668,0.17419354838709677,0.09794628751974724,0.07430340557275542,0.11754966887417219,0.05460750853242321,0.12283464566929134,0.12607944732297063,0.08557844690966719,0.15422077922077923,0.10077519379844961,0.05826771653543307,0.1111111111111111,0.05401234567901234,0.06478405315614617,0.14015748031496064,0.15749235474006115,0.22790697674418606,0.10819165378670788,0.07153965785381027,0.25943396226415094,0.1299342105263158,0.2655007949125596,0.10606060606060606,0.12071778140293637,0.17200674536256325,0.060810810810810814,0.09411764705882353,0.065,0.06379585326953748,0.15577889447236182,0.06802721088435375,0.11942675159235669,0.11658456486042693,0.11568938193343899,0.15849673202614378,0.13376835236541598,0.08121019108280254,0.12439418416801293,0.1492063492063492,0.21085271317829457,0.13237639553429026,0.13028764805414553,0.11022364217252396,0.3105691056910569,0.11538461538461539,0.11596638655462185,0.1636060100166945,0.119281045751634,0.05472636815920398,0.11038961038961038,0.20754716981132076,0.0896,0.11620294599018004,0.07023411371237458,0.16917922948073702,0.16611842105263158,0.09967845659163987,0.05546218487394958,0.18325434439178515,0.09286898839137644,0.06070287539936102,0.17065390749601275,0.07154471544715447,0.24237560192616373,0.16940789473684212,0.22168284789644013,0.11,0.0667779632721202,0.2515625,0.22875816993464052,0.08139534883720931,0.13458528951486698,0.1043338683788122,0.18883415435139572,0.14144736842105263,0.17027863777089783,0.09508196721311475,0.20684292379471228,0.1752411575562701,0.21035598705501618,0.21035598705501618,0.21035598705501618,0.18471337579617833,0.18471337579617833,0.1839258114374034,0.07507987220447285,0.12480252764612954,0.08466453674121406,0.1,0.27838258164852253,0.087893864013267,0.16123778501628663,0.1024390243902439,0.13302034428794993,0.10510046367851623,0.03486529318541997,0.09819967266775777,0.11234177215189874,0.0768025078369906,0.1987673343605547,0.12101910828025478,0.08346972176759411,0.09554140127388536,0.05271084337349398,0.10714285714285714,0.184375,0.1497326203208556,0.2109500805152979,0.20504201680672268,0.18152866242038215,0.05342237061769616,0.28685897435897434,0.14939024390243902,0.10158730158730159,0.040625,0.14563106796116504,0.11616954474097331,0.06919275123558484,0.14833333333333334,0.05454545454545454,0.1576271186440678,0.12234910277324633,0.09728867623604466,0.12845528455284552,0.06771653543307087,0.09807073954983923,0.1853035143769968,0.21473354231974923,0.13344316309719934,0.104,0.08095238095238096,0.19409937888198758,0.13893376413570274,0.09693053311793215,0.19001610305958133,0.13228346456692913,0.09415584415584416,0.06960950764006792,0.07653910149750416,0.07504078303425775,0.23599320882852293,0.06109324758842444,0.12575757575757576,0.1400329489291598,0.1263318112633181,0.12520064205457465,0.08250825082508251,0.10668789808917198,0.08053691275167785,0.06799336650082918,0.18040435458786935,0.1892744479495268,0.15091463414634146,0.09722222222222222
2007,1,9,prevalence,0.04862236628849271,0.1507293354943274,0.06624605678233439,0.29383116883116883,0.1335559265442404,0.09018987341772151,0.1859706362153344,0.07241379310344828,0.1111111111111111,0.20065789473684212,0.15397631133671744,0.19639934533551553,0.09283387622149837,0.17535545023696683,0.07885906040268456,0.15358361774744028,0.021775544388609715,0.15692307692307692,0.14308943089430895,0.2980456026058632,0.14599686028257458,0.26813880126182965,0.1317365269461078,0.12086092715231789,0.14102564102564102,0.156794425087108,0.1841680129240711,0.05387205387205387,0.12146422628951747,0.12828947368421054,0.14285714285714285,0.2329246935201401,0.03852080123266564,0.21900161030595813,0.16747181964573268,0.11519198664440734,0.034482758620689655,0.057291666666666664,0.11980033277870217,0.07388316151202749,0.17965023847376788,0.10378912685337727,0.29523809523809524,0.05862646566164154,0.1388888888888889,0.06743421052631579,0.1964856230031949,0.10371517027863777,0.0842433697347894,0.12310286677908938,0.04991680532445923,0.1272430668841762,0.11764705882352941,0.04715447154471545,0.11773940345368916,0.11335403726708075,0.06782334384858044,0.08637873754152824,0.056162246489859596,0.04965753424657534,0.12598425196850394,0.1794071762870515,0.2070015220700152,0.11349693251533742,0.08463949843260188,0.1871069182389937,0.08660130718954248,0.1936,0.11631663974151858,0.09516129032258064,0.14166666666666666,0.052545155993431854,0.06699346405228758,0.054817275747508304,0.03536977491961415,0.2200328407224959,0.0896551724137931,0.13556618819776714,0.08319467554076539,0.084375,0.14072847682119205,0.1584,0.06372549019607843,0.12794612794612795,0.12006578947368421,0.16873065015479877,0.1344,0.13659359190556492,0.141287284144427,0.2859450726978998,0.15357766143106458,0.10894308943089431,0.15772870662460567,0.12379421221864952,0.07142857142857142,0.12025316455696203,0.17264957264957265,0.07131537242472266,0.1053484602917342,0.0935374149659864,0.1271186440677966,0.17341977309562398,0.09500805152979067,0.061191626409017714,0.19585987261146498,0.10114192495921696,0.07716535433070866,0.11092985318107668,0.0738362760834671,0.18524590163934426,0.1669421487603306,0.19457735247208932,0.11986863711001643,0.054276315789473686,0.2491961414790997,0.1895424836601307,0.07118055555555555,0.14086687306501547,0.10174880763116058,0.1370309951060359,0.128500823723229,0.13343799058084774,0.1302250803858521,0.18312101910828024,0.16613418530351437,0.2476340694006309,0.2476340694006309,0.2476340694006309,0.2096,0.2096,0.18095238095238095,0.0679304897314376,0.09859154929577464,0.03966942148760331,0.05837173579109063,0.25878594249201275,0.1272430668841762,0.15460526315789475,0.0799347471451876,0.13679245283018868,0.11773472429210134,0.03231017770597738,0.10569105691056911,0.1700787401574803,0.08333333333333333,0.18512898330804248,0.08766233766233766,0.07582938388625593,0.056338028169014086,0.039816232771822356,0.09283387622149837,0.19292604501607716,0.14558058925476602,0.21237458193979933,0.2058319039451115,0.13291139240506328,0.060556464811783964,0.22580645161290322,0.17151607963246554,0.09872611464968153,0.018838304552590265,0.10518053375196232,0.12283464566929134,0.05254237288135593,0.1433389544688027,0.03255813953488372,0.12859560067681894,0.14796747967479676,0.07874015748031496,0.1201923076923077,0.0640625,0.09316770186335403,0.13174603174603175,0.16506410256410256,0.1,0.07814992025518341,0.10248447204968944,0.18441971383147854,0.14772727272727273,0.10310965630114566,0.2655007949125596,0.13141025641025642,0.0998389694041868,0.07570422535211267,0.05863192182410423,0.07011686143572621,0.12457912457912458,0.05815831987075929,0.13169984686064318,0.1782178217821782,0.16030534351145037,0.10207336523125997,0.125,0.11727416798732171,0.07614213197969544,0.06301824212271974,0.19224806201550387,0.18779342723004694,0.1614420062695925,0.08566433566433566
2008,1,9,prevalence,0.04065040650406504,0.10367892976588629,0.046474358974358976,0.2527131782945736,0.11844331641285956,0.13968253968253969,0.22503961965134706,0.05950413223140496,0.09076433121019108,0.1458670988654781,0.13879598662207357,0.13747954173486088,0.09562398703403566,0.12721417069243157,0.08589951377633712,0.1003584229390681,0.022435897435897436,0.14174454828660435,0.14308681672025725,0.29821717990275526,0.19076923076923077,0.21348314606741572,0.13097072419106318,0.11538461538461539,0.15508885298869143,0.11892797319932999,0.1842948717948718,0.07204116638078903,0.10673234811165845,0.11019736842105263,0.19859402460456943,0.26252158894645944,0.03322784810126582,0.15275590551181104,0.15916398713826366,0.09791332263242375,0.046511627906976744,0.05830388692579505,0.08631921824104234,0.06643356643356643,0.1712,0.14833333333333334,0.26073131955484896,0.04276315789473684,0.16,0.06568144499178982,0.20222929936305734,0.11332312404287902,0.10501567398119123,0.11394557823129252,0.04584040747028863,0.09841269841269841,0.13435374149659865,0.021172638436482084,0.08962264150943396,0.12618296529968454,0.06230031948881789,0.07288135593220339,0.054602184087363496,0.060034305317324184,0.10517799352750809,0.19874804381846636,0.17584097859327216,0.08307210031347963,0.08974358974358974,0.1617873651771957,0.09983633387888707,0.16216216216216217,0.10543657331136738,0.0819935691318328,0.1515650741350906,0.06655844155844155,0.05546492659053834,0.08216783216783216,0.06633499170812604,0.23052464228934816,0.0859106529209622,0.10806451612903226,0.07131011608623548,0.0763239875389408,0.11386138613861387,0.1984,0.0624,0.11241610738255034,0.119281045751634,0.17214397496087636,0.12183544303797468,0.12040133779264214,0.20806451612903226,0.27823240589198034,0.1896551724137931,0.07214765100671142,0.13942307692307693,0.1392,0.08214849921011058,0.14513556618819776,0.20593368237347295,0.06581059390048154,0.10440456769983687,0.13741721854304637,0.1342512908777969,0.13902053712480253,0.08490566037735849,0.09120521172638436,0.15458937198067632,0.14614121510673234,0.08025682182985554,0.09136212624584718,0.056179775280898875,0.16366612111292964,0.16166666666666665,0.18883415435139572,0.08210180623973727,0.044142614601018676,0.20096463022508038,0.2209106239460371,0.06872852233676977,0.1281645569620253,0.10610932475884244,0.12540192926045016,0.1111111111111111,0.10046367851622875,0.13738019169329074,0.16850393700787403,0.125,0.2679425837320574,0.2679425837320574,0.2679425837320574,0.18679549114331723,0.18679549114331723,0.13270142180094788,0.057233704292527825,0.09953343701399689,0.024793388429752067,0.06456692913385827,0.23786407766990292,0.13598673300165837,0.22544283413848631,0.08169934640522876,0.12234910277324633,0.12184249628528974,0.017857142857142856,0.09767441860465116,0.16134185303514376,0.07507987220447285,0.1407185628742515,0.10191082802547771,0.0995260663507109,0.06386292834890965,0.05564387917329094,0.1111111111111111,0.1935483870967742,0.10321489001692047,0.17637271214642264,0.1811722912966252,0.14262820512820512,0.051839464882943144,0.15930599369085174,0.17532467532467533,0.09968354430379747,0.020634920634920634,0.07790143084260731,0.10289389067524116,0.04452054794520548,0.16026711185308848,0.04489164086687306,0.085667215815486,0.15502555366269166,0.08667736757624397,0.13636363636363635,0.056338028169014086,0.056338028169014086,0.10651828298887123,0.17258064516129032,0.07167832167832168,0.07547169811320754,0.0781010719754977,0.1419141914191419,0.15397350993377484,0.07177814029363784,0.27813504823151125,0.0935483870967742,0.17932148626817448,0.054481546572934976,0.07317073170731707,0.05472636815920398,0.12562814070351758,0.04692556634304207,0.11848341232227488,0.18412162162162163,0.1377049180327869,0.11057692307692307,0.15746753246753248,0.12082670906200318,0.07394957983193277,0.06988352745424292,0.19213313161875945,0.15555555555555556,0.13614262560777957,0.0726643598615917
2009,1,9,prevalence,0.03508771929824561,0.13087248322147652,0.03889789303079417,0.27129337539432175,0.1419031719532554,0.13990461049284578,0.24720893141945774,0.0672,0.06935483870967742,0.10950080515297907,0.11596638655462185,0.11256117455138662,0.11182108626198083,0.0812603648424544,0.08517350157728706,0.09982174688057041,0.0176,0.10648148148148148,0.2144,0.1901639344262295,0.1731669266770671,0.14100486223662884,0.12792511700468018,0.1263823064770932,0.19798657718120805,0.0868824531516184,0.2081967213114754,0.09278350515463918,0.1095890410958904,0.12520064205457465,0.2,0.1786339754816112,0.05666156202143951,0.2121684867394696,0.10214168039538715,0.07058823529411765,0.02912621359223301,0.09171075837742504,0.10207336523125997,0.07857142857142857,0.1836734693877551,0.15508885298869143,0.2185430463576159,0.05090311986863711,0.1500815660685155,0.04560260586319218,0.165625,0.1544461778471139,0.1111111111111111,0.11472602739726027,0.05733558178752108,0.07419354838709677,0.10756302521008404,0.014754098360655738,0.08653846153846154,0.13776337115072934,0.04709576138147567,0.08249158249158249,0.0390015600624025,0.0576271186440678,0.09787928221859707,0.16588419405320814,0.16124031007751938,0.06436420722135008,0.05921052631578947,0.10584518167456557,0.06414473684210527,0.1347305389221557,0.09822866344605476,0.03715670436187399,0.1495176848874598,0.07096774193548387,0.0372168284789644,0.10033444816053512,0.11037891268533773,0.18403908794788273,0.07586206896551724,0.09968847352024922,0.08188153310104529,0.06796116504854369,0.15692821368948248,0.23349436392914655,0.07744107744107744,0.10221465076660988,0.08019639934533551,0.14923076923076922,0.1189710610932476,0.11577181208053691,0.1890547263681592,0.1986754966887417,0.17770034843205576,0.08652246256239601,0.1189710610932476,0.17432646592709986,0.07717041800643087,0.16883116883116883,0.20517241379310344,0.03918495297805643,0.07512520868113523,0.1288244766505636,0.11952861952861953,0.1643192488262911,0.07550077041602465,0.09344262295081968,0.13166144200626959,0.13464696223316913,0.05,0.11451612903225807,0.04866562009419152,0.14444444444444443,0.11570247933884298,0.1847649918962723,0.0756578947368421,0.04258943781942078,0.21207177814029363,0.20689655172413793,0.044326241134751775,0.09320695102685624,0.09166666666666666,0.09540034071550256,0.10945273631840796,0.0896,0.1140625,0.1578125,0.11056105610561057,0.20941558441558442,0.20941558441558442,0.20941558441558442,0.1568627450980392,0.1568627450980392,0.10894308943089431,0.04186046511627907,0.1056782334384858,0.03177257525083612,0.07923930269413629,0.2082018927444795,0.17363344051446947,0.19376026272577998,0.09369951534733441,0.10491803278688525,0.14925373134328357,0.028333333333333332,0.0764525993883792,0.13539967373572595,0.08064516129032258,0.1386748844375963,0.12082670906200318,0.08580343213728549,0.05909797822706065,0.051643192488262914,0.105,0.15181518151815182,0.13322368421052633,0.11467116357504216,0.15371024734982333,0.12520064205457465,0.07108239095315025,0.10126582278481013,0.13782051282051283,0.1111111111111111,0.03475513428120063,0.05636070853462158,0.08917197452229299,0.05733558178752108,0.1650326797385621,0.04501607717041801,0.08032786885245902,0.2062937062937063,0.09717868338557993,0.10163934426229508,0.048465266558966075,0.020249221183800622,0.10194174757281553,0.09899328859060402,0.05396290050590219,0.11003236245954692,0.060653188180404355,0.10147299509001637,0.17953020134228187,0.06153846153846154,0.264,0.0499194847020934,0.1888,0.04745762711864407,0.06482982171799027,0.06518282988871224,0.15905245346869712,0.06699346405228758,0.08173076923076923,0.13310580204778158,0.15,0.05475040257648953,0.1597444089456869,0.13875598086124402,0.0492091388400703,0.08528428093645485,0.1471927162367223,0.1404320987654321,0.13365539452495975,0.08600337268128162
2010,1,9,prevalence,0.027597402597402596,0.12080536912751678,0.04132231404958678,0.2272,0.1381692573402418,0.15372168284789645,0.21052631578947367,0.07496012759170653,0.06570512820512821,0.06280193236714976,0.19901315789473684,0.0673076923076923,0.12759170653907495,0.05245901639344262,0.109375,0.10934744268077601,0.02358490566037736,0.13213703099510604,0.22953451043338685,0.15220949263502456,0.21800947867298578,0.0784,0.11145038167938931,0.13428120063191154,0.17258883248730963,0.05432937181663837,0.18078175895765472,0.0945273631840796,0.09278350515463918,0.09455128205128205,0.13028764805414553,0.21598639455782312,0.0806697108066971,0.12965964343598055,0.10321489001692047,0.07142857142857142,0.03492063492063492,0.08070175438596491,0.10114192495921696,0.08050089445438283,0.1744,0.14696485623003194,0.22240802675585283,0.026490066225165563,0.12151067323481117,0.040983606557377046,0.2087227414330218,0.15384615384615385,0.08540372670807453,0.10580204778156997,0.047217537942664416,0.08637873754152824,0.10445205479452055,0.014754098360655738,0.08557844690966719,0.12333333333333334,0.04326923076923077,0.09624796084828711,0.016819571865443424,0.05245346869712352,0.049403747870528106,0.13190184049079753,0.0989010989010989,0.05203252032520325,0.049586776859504134,0.11954765751211632,0.04643449419568822,0.1679506933744222,0.09531502423263329,0.06951026856240126,0.1345514950166113,0.07550077041602465,0.03064516129032258,0.12220309810671257,0.11853088480801335,0.17128874388254486,0.0702054794520548,0.07981220657276995,0.04521739130434783,0.03492063492063492,0.12748344370860928,0.24644549763033174,0.10855263157894737,0.0817391304347826,0.10606060606060606,0.12225705329153605,0.0935483870967742,0.09833333333333333,0.16932907348242812,0.14536741214057508,0.19482758620689655,0.1048252911813644,0.1056782334384858,0.20031055900621117,0.09105960264900662,0.1907051282051282,0.34966216216216217,0.04038772213247173,0.06372549019607843,0.14511041009463724,0.1273031825795645,0.1651376146788991,0.10403726708074534,0.09719934102141681,0.14751552795031056,0.128,0.0334855403348554,0.12052117263843648,0.04447852760736196,0.11869918699186992,0.1050080775444265,0.13819875776397517,0.09546925566343042,0.02023608768971332,0.14100486223662884,0.1729200652528548,0.05779334500875657,0.0935483870967742,0.13322091062394603,0.08067226890756303,0.10942760942760943,0.08291873963515754,0.07467532467532467,0.1540880503144654,0.08471760797342193,0.19806763285024154,0.19806763285024154,0.19806763285024154,0.10648148148148148,0.10648148148148148,0.1470113085621971,0.05063291139240506,0.0707395498392283,0.025380710659898477,0.07936507936507936,0.18152866242038215,0.17792421746293247,0.17973856209150327,0.08156606851549755,0.12941176470588237,0.10692771084337349,0.02155887230514096,0.06116207951070336,0.10339256865912763,0.10754414125200643,0.11442006269592477,0.1696869851729819,0.10016155088852989,0.05305466237942122,0.03656597774244833,0.1371900826446281,0.14166666666666666,0.1309328968903437,0.09852216748768473,0.14411247803163443,0.13291139240506328,0.07455429497568881,0.0707395498392283,0.09609120521172639,0.13564668769716087,0.05636070853462158,0.06132075471698113,0.08032786885245902,0.08925619834710743,0.16420361247947454,0.07802547770700637,0.06482982171799027,0.1701388888888889,0.0778816199376947,0.0777027027027027,0.045307443365695796,0.021439509954058193,0.066006600660066,0.08264462809917356,0.04631217838765009,0.08752025931928688,0.0624,0.09369951534733441,0.20465890183028287,0.0548885077186964,0.28019323671497587,0.03289473684210526,0.16853932584269662,0.03993055555555555,0.06957928802588997,0.07717041800643087,0.14638157894736842,0.08146964856230032,0.08090614886731391,0.10950080515297907,0.13136288998357964,0.02622950819672131,0.1672077922077922,0.17197452229299362,0.03633217993079585,0.0627062706270627,0.13395638629283488,0.14088820826952528,0.09787928221859707,0.07450331125827815
2011,1,9,prevalence,0.03577235772357724,0.1509433962264151,0.02356902356902357,0.18019480519480519,0.125,0.1955128205128205,0.20754716981132076,0.051036682615629984,0.07084019769357495,0.03257328990228013,0.18821603927986907,0.05324459234608985,0.15275590551181104,0.05527638190954774,0.0907715582450832,0.10172413793103448,0.02511773940345369,0.107981220657277,0.1871069182389937,0.0888529886914378,0.2140625,0.07704654895666131,0.14548238897396631,0.13946117274167988,0.18211920529801323,0.025510204081632654,0.1276595744680851,0.09134615384615384,0.08925619834710743,0.080370942812983,0.12607944732297063,0.14597315436241612,0.0873634945397816,0.12520064205457465,0.125,0.054635761589403975,0.03296703296703297,0.07534246575342465,0.09492635024549918,0.09694793536804308,0.11488673139158576,0.14006514657980457,0.20408163265306123,0.03826955074875208,0.08414239482200647,0.021241830065359478,0.19236883942766295,0.13564668769716087,0.07198748043818466,0.09574468085106383,0.05862068965517241,0.06688417618270799,0.09531772575250837,0.014539579967689823,0.0947867298578199,0.09833333333333333,0.03273322422258593,0.09166666666666666,0.01098901098901099,0.03745928338762215,0.04194630872483222,0.1171875,0.08607198748043818,0.0416,0.06591639871382636,0.06581059390048154,0.027960526315789474,0.17274167987321712,0.08320251177394035,0.098256735340729,0.12682926829268293,0.07598784194528875,0.032679738562091505,0.10906040268456375,0.132013201320132,0.16237942122186494,0.07796610169491526,0.09886547811993517,0.04152249134948097,0.0530421216848674,0.11480865224625623,0.21474358974358973,0.07642276422764227,0.0823327615780446,0.11544715447154472,0.11451612903225807,0.11075949367088607,0.08156606851549755,0.14144736842105263,0.09409888357256778,0.13636363636363635,0.11166666666666666,0.09335443037974683,0.22570532915360503,0.13474025974025974,0.2016,0.22495894909688013,0.0594855305466238,0.0722495894909688,0.12828438948995363,0.09932659932659933,0.14618973561430793,0.10307692307692308,0.09001636661211129,0.1545595054095827,0.11867088607594936,0.02735562310030395,0.09634551495016612,0.048513302034428794,0.1305732484076433,0.08225806451612903,0.13313161875945537,0.09253246753246754,0.03145695364238411,0.0784313725490196,0.11556982343499198,0.06055363321799308,0.09744408945686901,0.1554054054054054,0.03889789303079417,0.11301369863013698,0.11202635914332784,0.09624796084828711,0.1271585557299843,0.0642504118616145,0.19448946515397084,0.19448946515397084,0.19448946515397084,0.09861325115562404,0.09861325115562404,0.1606864274570983,0.04945904173106646,0.04739336492890995,0.014754098360655738,0.11653543307086614,0.16304347826086957,0.14331210191082802,0.13036303630363036,0.06482982171799027,0.09570957095709572,0.10494752623688156,0.011363636363636364,0.05709876543209876,0.0944,0.11538461538461539,0.11349693251533742,0.1467304625199362,0.09457364341085271,0.07258064516129033,0.03542673107890499,0.1362126245847176,0.1342281879194631,0.12807881773399016,0.08247422680412371,0.14017094017094017,0.09320695102685624,0.06310679611650485,0.08695652173913043,0.08095238095238096,0.11631663974151858,0.07830342577487764,0.06045751633986928,0.09886547811993517,0.11202635914332784,0.1403225806451613,0.08538587848932677,0.0423728813559322,0.15061295971978983,0.06901840490797546,0.08623548922056384,0.061708860759493674,0.016819571865443424,0.064891846921797,0.10016420361247948,0.0313588850174216,0.06491499227202473,0.046031746031746035,0.0762987012987013,0.18226600985221675,0.04293381037567084,0.20327868852459016,0.03571428571428571,0.11563517915309446,0.029565217391304348,0.05787781350482315,0.08169934640522876,0.13987138263665594,0.09728867623604466,0.08139534883720931,0.1069182389937107,0.1291390728476821,0.039936102236421724,0.1611842105263158,0.15196078431372548,0.026981450252951095,0.07467532467532467,0.11295180722891567,0.1763779527559055,0.07807308970099668,0.0864
2012,1,9,prevalence,0.03114754098360656,0.153184165232358,0.022988505747126436,0.14023372287145242,0.06972789115646258,0.1708542713567839,0.14992272024729522,0.038834951456310676,0.05573770491803279,0.026272577996715927,0.1362126245847176,0.04817275747508306,0.12168486739469579,0.037162162162162164,0.06896551724137931,0.0664451827242525,0.026194144838212634,0.07679738562091504,0.1238244514106583,0.08196721311475409,0.1669316375198728,0.046511627906976744,0.12269938650306748,0.11942675159235669,0.10132890365448505,0.021702838063439065,0.12727272727272726,0.09204368174726989,0.08403361344537816,0.065625,0.09090909090909091,0.11461794019933555,0.05287713841368585,0.0929853181076672,0.08576329331046312,0.03130148270181219,0.0234009360374415,0.05201342281879195,0.0630048465266559,0.0433996383363472,0.08745874587458746,0.12295081967213115,0.13277310924369748,0.033783783783783786,0.0685805422647528,0.032467532467532464,0.14832535885167464,0.11265432098765432,0.06862745098039216,0.06896551724137931,0.039538714991762765,0.0630048465266559,0.07060755336617405,0.010084033613445379,0.06944444444444445,0.05647840531561462,0.025597269624573378,0.037037037037037035,0.009478672985781991,0.03453947368421053,0.04251700680272109,0.09006211180124224,0.061611374407582936,0.043548387096774194,0.05642633228840126,0.03453947368421053,0.02459016393442623,0.14942528735632185,0.0828125,0.0733652312599681,0.10016155088852989,0.07384615384615385,0.029950083194675542,0.05958132045088567,0.1237785016286645,0.12479740680713128,0.05396290050590219,0.08116883116883117,0.03614457831325301,0.043209876543209874,0.07525083612040134,0.15615141955835962,0.051118210862619806,0.05759162303664921,0.10234899328859061,0.07419898819561552,0.08493589743589744,0.07317073170731707,0.10440456769983687,0.054276315789473686,0.08021390374331551,0.09369951534733441,0.06497622820919176,0.16134185303514376,0.09819967266775777,0.15789473684210525,0.1563517915309446,0.05815831987075929,0.06190476190476191,0.09034267912772585,0.09531772575250837,0.1083969465648855,0.08864696734059098,0.07532051282051282,0.13975155279503104,0.0873015873015873,0.022727272727272728,0.0825242718446602,0.03894080996884735,0.08681672025723473,0.056962025316455694,0.12044374009508717,0.0625,0.016181229773462782,0.05237315875613748,0.056818181818181816,0.04297520661157025,0.06602254428341385,0.12944983818770225,0.043548387096774194,0.0756578947368421,0.09477124183006536,0.08922558922558922,0.11410459587955626,0.05073649754500818,0.1531986531986532,0.1531986531986532,0.1531986531986532,0.07877813504823152,0.07877813504823152,0.13354531001589826,0.05303030303030303,0.043478260869565216,0.01,0.07281553398058252,0.10452418096723869,0.10426540284360189,0.11456628477905073,0.03727714748784441,0.06612903225806452,0.08308157099697885,0.004665629860031105,0.024427480916030534,0.06924315619967794,0.07096774193548387,0.0880503144654088,0.11812297734627832,0.09133858267716535,0.06739811912225706,0.026143790849673203,0.08552631578947369,0.10655737704918032,0.08589951377633712,0.06143344709897611,0.10088495575221239,0.06430868167202572,0.04251968503937008,0.0594679186228482,0.05967741935483871,0.06722689075630252,0.06030150753768844,0.0628099173553719,0.1020066889632107,0.08986928104575163,0.09006211180124224,0.08415841584158416,0.043993231810490696,0.0935374149659864,0.050156739811912224,0.0853462157809984,0.04538087520259319,0.009230769230769232,0.04957264957264957,0.06840390879478828,0.022071307300509338,0.055299539170506916,0.048154093097913325,0.04522613065326633,0.15577889447236182,0.03466204506065858,0.16233766233766234,0.027914614121510674,0.0946843853820598,0.03951890034364261,0.05555555555555555,0.06885758998435054,0.0847723704866562,0.048939641109298535,0.05351170568561873,0.12832550860719874,0.09178743961352658,0.08737864077669903,0.15151515151515152,0.1389776357827476,0.024390243902439025,0.07154471544715447,0.09281437125748503,0.11428571428571428,0.054455445544554455,0.06376360808709176
2013,1,9,prevalence,0.017684887459807074,0.13937282229965156,0.009917355371900827,0.12289562289562289,0.06333333333333334,0.16808149405772496,0.12184249628528974,0.0467741935483871,0.033444816053511704,0.022108843537414966,0.09047619047619047,0.02385008517887564,0.10737179487179487,0.038394415357766144,0.041728763040238454,0.064891846921797,0.027950310559006212,0.06493506493506493,0.11519198664440734,0.04854368932038835,0.14838709677419354,0.05198776758409786,0.12044374009508717,0.12057877813504823,0.08507223113964688,0.014423076923076924,0.08507223113964688,0.065625,0.0667779632721202,0.0452418096723869,0.07537688442211055,0.08292682926829269,0.0452418096723869,0.0935483870967742,0.07008547008547009,0.017770597738287562,0.02388535031847134,0.05593220338983051,0.03955696202531646,0.03466204506065858,0.057660626029654036,0.09317803660565724,0.11705685618729098,0.036605657237936774,0.051036682615629984,0.03215434083601286,0.14152410575427682,0.09244992295839753,0.06879194630872483,0.08117443868739206,0.03145695364238411,0.06969205834683954,0.05194805194805195,0.01461038961038961,0.05116279069767442,0.047697368421052634,0.024096385542168676,0.026397515527950312,0.009569377990430622,0.03758169934640523,0.028960817717206135,0.0816,0.059006211180124224,0.028125,0.048701298701298704,0.035,0.014563106796116505,0.132013201320132,0.08917197452229299,0.06593406593406594,0.08386075949367089,0.06103286384976526,0.026981450252951095,0.05454545454545454,0.08818635607321132,0.08439490445859872,0.04258943781942078,0.04975922953451043,0.017452006980802792,0.06635802469135803,0.05853658536585366,0.14790996784565916,0.03902439024390244,0.05016722408026756,0.1026936026936027,0.07142857142857142,0.05374592833876222,0.06568144499178982,0.08943089430894309,0.0379746835443038,0.06434782608695652,0.0987460815047022,0.03937007874015748,0.1189710610932476,0.08723747980613894,0.09105431309904154,0.15544871794871795,0.06907894736842106,0.04231974921630094,0.06891271056661562,0.09256198347107437,0.08761329305135952,0.06761006289308176,0.0671875,0.14330218068535824,0.05396825396825397,0.019461077844311378,0.07898894154818326,0.04411764705882353,0.0644122383252818,0.0448,0.10973724884080371,0.061872909698996656,0.00980392156862745,0.02680067001675042,0.03902439024390244,0.036741214057507986,0.06260296540362438,0.09724473257698542,0.0420032310177706,0.07269789983844911,0.06774193548387097,0.11093247588424437,0.09794628751974724,0.07317073170731707,0.10569105691056911,0.10569105691056911,0.10569105691056911,0.06270096463022508,0.06270096463022508,0.13689482470784642,0.03939393939393939,0.032,0.006622516556291391,0.04510108864696734,0.0736,0.06761006289308176,0.07028753993610223,0.04952076677316294,0.04225352112676056,0.09216589861751152,0.0031007751937984496,0.020155038759689922,0.0594679186228482,0.07898894154818326,0.05084745762711865,0.10638297872340426,0.06531881804043546,0.07716535433070866,0.023255813953488372,0.0695364238410596,0.08818635607321132,0.09047619047619047,0.048576214405360134,0.07867132867132867,0.062402496099843996,0.05909797822706065,0.060897435897435896,0.040257648953301126,0.056818181818181816,0.061016949152542375,0.043333333333333335,0.10413223140495868,0.09105431309904154,0.08255451713395638,0.10666666666666667,0.030874785591766724,0.06747404844290658,0.046031746031746035,0.09256198347107437,0.057233704292527825,0.006191950464396285,0.06633499170812604,0.04470198675496689,0.013201320132013201,0.0289193302891933,0.04567699836867863,0.044481054365733116,0.12436115843270869,0.037996545768566495,0.11974110032362459,0.027777777777777776,0.09693053311793215,0.029616724738675958,0.06050955414012739,0.06847133757961783,0.07424960505529225,0.031198686371100164,0.04690117252931323,0.09711684370257967,0.08455284552845528,0.08852459016393442,0.16045380875202594,0.10032894736842106,0.01740506329113924,0.06389776357827476,0.08,0.12597200622083982,0.04012841091492777,0.059001512859304085
2014,1,9,prevalence,0.021311475409836064,0.12048192771084337,0.005050505050505051,0.10163934426229508,0.06856187290969899,0.11314475873544093,0.1242603550295858,0.028662420382165606,0.023178807947019868,0.021346469622331693,0.0825242718446602,0.01824212271973466,0.09399075500770417,0.03986135181975736,0.03519061583577713,0.05546218487394958,0.04409448818897638,0.05263157894736842,0.08907563025210084,0.04065040650406504,0.1297208538587849,0.07465007776049767,0.0998389694041868,0.09562398703403566,0.07833333333333334,0.012841091492776886,0.0625,0.05405405405405406,0.042692939244663386,0.03115264797507788,0.06504065040650407,0.07248764415156507,0.03442879499217527,0.08188976377952756,0.06814310051107325,0.017432646592709985,0.01594896331738437,0.03885135135135135,0.03363914373088685,0.024390243902439025,0.05501618122977346,0.06873977086743044,0.09650582362728785,0.02975206611570248,0.05098684210526316,0.0180623973727422,0.12079510703363915,0.07313432835820896,0.059967585089141004,0.059322033898305086,0.02106969205834684,0.060955518945634266,0.059967585089141004,0.011824324324324325,0.04024767801857585,0.0380952380952381,0.018487394957983194,0.017027863777089782,0.008347245409015025,0.028145695364238412,0.01680672268907563,0.06418918918918919,0.05573248407643312,0.027692307692307693,0.031496062992125984,0.0436241610738255,0.012403100775193798,0.10784313725490197,0.08360128617363344,0.0752,0.07098765432098765,0.06436420722135008,0.03361344537815126,0.04383116883116883,0.07178631051752922,0.05853658536585366,0.04006677796327212,0.039936102236421724,0.01967799642218247,0.05993690851735016,0.04952076677316294,0.10935023771790808,0.030595813204508857,0.039603960396039604,0.08389261744966443,0.06872852233676977,0.0384,0.05501618122977346,0.054009819967266774,0.028662420382165606,0.06518010291595197,0.072,0.03755868544600939,0.09302325581395349,0.07455429497568881,0.06581059390048154,0.11396468699839486,0.05392156862745098,0.029874213836477988,0.05598755832037325,0.06581059390048154,0.0791044776119403,0.06707317073170732,0.04878048780487805,0.09309791332263243,0.037383177570093455,0.016819571865443424,0.06158833063209076,0.03205128205128205,0.061488673139158574,0.03571428571428571,0.08217054263565891,0.049099836333878884,0.00819672131147541,0.022530329289428077,0.03414634146341464,0.03307086614173228,0.03577512776831346,0.09404388714733543,0.022727272727272728,0.07890499194847021,0.04091653027823241,0.07877813504823152,0.06973058637083994,0.06343906510851419,0.06166666666666667,0.06166666666666667,0.06166666666666667,0.03908794788273615,0.03908794788273615,0.11352253756260434,0.05654761904761905,0.03179650238473768,0.004909983633387889,0.031007751937984496,0.06581059390048154,0.0571870170015456,0.06771653543307087,0.05354330708661417,0.030063291139240507,0.06634304207119741,0.004739336492890996,0.01740506329113924,0.05680119581464873,0.06359300476947535,0.05180533751962323,0.07377049180327869,0.05591054313099041,0.05598755832037325,0.022653721682847898,0.065,0.07056798623063683,0.0529595015576324,0.051070840197693576,0.0634648370497427,0.0688,0.04643962848297214,0.05365853658536585,0.04,0.04051863857374392,0.046822742474916385,0.03741496598639456,0.07177814029363784,0.07931570762052877,0.06317411402157165,0.0967741935483871,0.03709949409780776,0.05272407732864675,0.03387096774193549,0.0676818950930626,0.07643312101910828,0.006069802731411229,0.04852686308492201,0.03826955074875208,0.014900662251655629,0.02878787878787879,0.056,0.0361247947454844,0.10652920962199312,0.050699300699300696,0.10662358642972536,0.021739130434782608,0.08013355592654424,0.023972602739726026,0.05032467532467533,0.06441717791411043,0.060556464811783964,0.04173354735152488,0.03361344537815126,0.05828220858895705,0.09546925566343042,0.059800664451827246,0.11475409836065574,0.0799347471451876,0.02388535031847134,0.046849757673667204,0.06279434850863422,0.09935897435897435,0.027777777777777776,0.046224961479198766
2015,1,9,prevalence,0.022838499184339316,0.0944055944055944,0.0033444816053511705,0.07467532467532467,0.04882154882154882,0.08361774744027303,0.09302325581395349,0.02635658914728682,0.021702838063439065,0.021630615640599003,0.0768025078369906,0.02,0.08042488619119878,0.034482758620689655,0.02450229709035222,0.04361873990306947,0.03949447077409163,0.04433497536945813,0.06568144499178982,0.03064516129032258,0.0959349593495935,0.060653188180404355,0.08333333333333333,0.07967479674796749,0.06833333333333333,0.012539184952978056,0.051364365971107544,0.04952076677316294,0.028052805280528052,0.03186646433990895,0.05778491171749599,0.07053291536050156,0.020700636942675158,0.0656,0.05802047781569966,0.01929260450160772,0.011023622047244094,0.028052805280528052,0.0409711684370258,0.021015761821366025,0.049069373942470386,0.05592105263157895,0.07588532883642496,0.0176,0.04340567612687813,0.014446227929373997,0.09516616314199396,0.05505952380952381,0.07003257328990228,0.045454545454545456,0.01567398119122257,0.048,0.054365733113673806,0.022653721682847898,0.0327613104524181,0.0304,0.0069084628670120895,0.01676829268292683,0.0016750418760469012,0.028286189683860232,0.014657980456026058,0.05536912751677853,0.0449438202247191,0.023734177215189875,0.026359143327841845,0.027491408934707903,0.010869565217391304,0.09090909090909091,0.07086614173228346,0.0641025641025641,0.05238828967642527,0.059006211180124224,0.02910958904109589,0.04180064308681672,0.05025125628140704,0.0473186119873817,0.04477611940298507,0.02527646129541864,0.012237762237762238,0.0532258064516129,0.0421875,0.0768025078369906,0.029850746268656716,0.0322061191626409,0.06529209621993128,0.05163511187607573,0.03559870550161812,0.05115511551155116,0.042071197411003236,0.0272,0.06565656565656566,0.05247376311844078,0.028892455858747994,0.07532051282051282,0.057971014492753624,0.043689320388349516,0.0970873786407767,0.04662379421221865,0.025477707006369428,0.04566929133858268,0.06677524429967427,0.06891271056661562,0.06018518518518518,0.037993920972644375,0.0744336569579288,0.06729264475743349,0.010719754977029096,0.0624,0.024154589371980676,0.04923076923076923,0.031446540880503145,0.06307692307692307,0.03398058252427184,0.0065252854812398045,0.01353637901861252,0.0297029702970297,0.028081123244929798,0.02337228714524207,0.08256880733944955,0.023923444976076555,0.06698564593301436,0.03420195439739414,0.058919803600654665,0.06591639871382636,0.05008347245409015,0.0463258785942492,0.0463258785942492,0.0463258785942492,0.03054662379421222,0.03054662379421222,0.0859504132231405,0.06828528072837632,0.015748031496062992,0.00333889816360601,0.024844720496894408,0.05958132045088567,0.05736434108527132,0.08688783570300158,0.03815580286168521,0.021671826625386997,0.05638474295190713,0.007898894154818325,0.011128775834658187,0.04129793510324484,0.06200317965023847,0.04075235109717868,0.060755336617405585,0.05537459283387622,0.04375,0.019867549668874173,0.050347222222222224,0.04679376083188908,0.038880248833592534,0.0448,0.04974271012006861,0.05826771653543307,0.03353658536585366,0.046357615894039736,0.03316749585406302,0.036334913112164295,0.033444816053511704,0.03145695364238411,0.07450331125827815,0.0530421216848674,0.05279034690799397,0.09265734265734266,0.024958402662229616,0.04288164665523156,0.037037037037037035,0.05518394648829431,0.05705229793977813,0.0045662100456621,0.033391915641476276,0.03594771241830065,0.014586709886547812,0.025602409638554216,0.03231017770597738,0.02356902356902357,0.07614213197969544,0.054770318021201414,0.09555189456342669,0.013136288998357963,0.0576271186440678,0.016233766233766232,0.03927986906710311,0.04672897196261682,0.047775947281713346,0.03475513428120063,0.023608768971332208,0.05108359133126935,0.05339805825242718,0.054455445544554455,0.11754966887417219,0.072,0.02037617554858934,0.035541195476575124,0.04075235109717868,0.09001636661211129,0.011326860841423949,0.03400309119010819
2016,1,9,prevalence,0.02922077922077922,0.06794425087108014,0.00338409475465313,0.05732484076433121,0.038397328881469114,0.06631762652705062,0.07196401799100449,0.030959752321981424,0.014975041597337771,0.02127659574468085,0.05422647527910686,0.013559322033898305,0.057750759878419454,0.023333333333333334,0.021052631578947368,0.0352,0.03425774877650897,0.0347682119205298,0.054635761589403975,0.021739130434782608,0.07928802588996764,0.05246913580246913,0.06158833063209076,0.0628099173553719,0.0535405872193437,0.01199400299850075,0.04120443740095087,0.03215926493108729,0.03273322422258593,0.023183925811437404,0.058637083993660855,0.06346749226006192,0.01751592356687898,0.05422647527910686,0.04433497536945813,0.016051364365971106,0.0096,0.024509803921568627,0.0395738203957382,0.015332197614991482,0.035058430717863104,0.0463258785942492,0.06913996627318718,0.013029315960912053,0.0423728813559322,0.011128775834658187,0.06666666666666667,0.05530642750373692,0.04383116883116883,0.046511627906976744,0.012441679626749611,0.03864734299516908,0.049019607843137254,0.0165016501650165,0.0224,0.021346469622331693,0.013559322033898305,0.015337423312883436,0.0017035775127768314,0.026490066225165563,0.00975609756097561,0.05271828665568369,0.03618421052631579,0.02090032154340836,0.0176,0.013651877133105802,0.009554140127388535,0.07188498402555911,0.06769230769230769,0.05032467532467533,0.037267080745341616,0.04081632653061224,0.03019538188277087,0.032357473035439135,0.03488372093023256,0.037383177570093455,0.03328050713153724,0.024883359253499222,0.015570934256055362,0.0496,0.034055727554179564,0.0578125,0.0210016155088853,0.024077046548956663,0.05032467532467533,0.04060913705583756,0.02800658978583196,0.04785478547854786,0.03764320785597381,0.02066772655007949,0.035830618892508145,0.04302670623145401,0.024793388429752067,0.06507936507936508,0.039538714991762765,0.034071550255536626,0.07717041800643087,0.041990668740279936,0.0234009360374415,0.03869969040247678,0.050955414012738856,0.05454545454545454,0.0420032310177706,0.03622047244094488,0.06188925081433225,0.0688,0.013888888888888888,0.045307443365695796,0.01765650080256822,0.0484375,0.02631578947368421,0.05100463678516229,0.02377179080824089,0.0016863406408094434,0.009868421052631578,0.025041736227045076,0.02384500745156483,0.020100502512562814,0.06818181818181818,0.03150912106135987,0.05601317957166392,0.025889967637540454,0.0416,0.05362776025236593,0.03764320785597381,0.04173354735152488,0.04173354735152488,0.04173354735152488,0.023961661341853034,0.023961661341853034,0.07166123778501629,0.048265460030165915,0.007936507936507936,0.0032733224222585926,0.0182648401826484,0.04430379746835443,0.0530421216848674,0.06141732283464567,0.026143790849673203,0.017214397496087636,0.04288164665523156,0.006514657980456026,0.011382113821138212,0.031578947368421054,0.047021943573667714,0.03231017770597738,0.04340836012861737,0.047619047619047616,0.03459119496855346,0.019704433497536946,0.04433497536945813,0.03015075376884422,0.03115264797507788,0.0380952380952381,0.04091653027823241,0.048,0.027607361963190184,0.0361247947454844,0.0297029702970297,0.027914614121510674,0.02936378466557912,0.02564102564102564,0.04950495049504951,0.05319148936170213,0.042488619119878605,0.04584040747028863,0.021103896103896104,0.038917089678511,0.03140495867768595,0.03814262023217247,0.04100946372239748,0.004702194357366771,0.02891156462585034,0.02903225806451613,0.008038585209003215,0.0273972602739726,0.03864734299516908,0.02356902356902357,0.05843071786310518,0.04326123128119801,0.07107438016528926,0.011608623548922056,0.04628099173553719,0.0256,0.03220338983050847,0.038880248833592534,0.0379746835443038,0.027820710973724884,0.018121911037891267,0.044233807266982623,0.04455445544554455,0.04390243902439024,0.0728476821192053,0.06168831168831169,0.01564945226917058,0.025477707006369428,0.031007751937984496,0.07142857142857142,0.009302325581395349,0.03463855421686747
2017,1,9,prevalence,0.027070063694267517,0.05872193436960276,0.003367003367003367,0.04032258064516129,0.030303030303030304,0.056896551724137934,0.06442166910688141,0.03767660910518053,0.013050570962479609,0.018612521150592216,0.04395604395604396,0.00676818950930626,0.05829596412556054,0.01788617886178862,0.015455950540958269,0.029141104294478526,0.028481012658227847,0.019230769230769232,0.045454545454545456,0.023688663282571912,0.06156405990016639,0.04725609756097561,0.048576214405360134,0.052364864864864864,0.0391156462585034,0.013975155279503106,0.03453689167974882,0.0297339593114241,0.027868852459016394,0.017133956386292833,0.061611374407582936,0.050314465408805034,0.016051364365971106,0.04582651391162029,0.029315960912052116,0.0165016501650165,0.006191950464396285,0.025157232704402517,0.03761755485893417,0.0067226890756302525,0.030716723549488054,0.03531300160513644,0.06478405315614617,0.006611570247933884,0.034013605442176874,0.0046875,0.05319148936170213,0.04783258594917788,0.029874213836477988,0.04118616144975288,0.0093603744149766,0.02912621359223301,0.04265402843601896,0.01468189233278956,0.013719512195121951,0.014634146341463415,0.02866779089376054,0.013740458015267175,0.003305785123966942,0.019933554817275746,0.02009273570324575,0.03764320785597381,0.031198686371100164,0.014285714285714285,0.012422360248447204,0.008576329331046312,0.008,0.05245901639344262,0.0452418096723869,0.038397328881469114,0.0265625,0.03852080123266564,0.032758620689655175,0.0256797583081571,0.02364864864864865,0.02903225806451613,0.0282574568288854,0.023809523809523808,0.01206896551724138,0.03864734299516908,0.02735562310030395,0.042993630573248405,0.021487603305785124,0.020700636942675158,0.046251993620414676,0.03547297297297297,0.024,0.047775947281713346,0.03636363636363636,0.014634146341463415,0.022508038585209004,0.03692762186115214,0.01948051948051948,0.04709576138147567,0.02618657937806874,0.027777777777777776,0.06518282988871224,0.045871559633027525,0.015479876160990712,0.02694136291600634,0.04220779220779221,0.04242424242424243,0.028192371475953566,0.0343213728549142,0.057971014492753624,0.041666666666666664,0.010819165378670788,0.03333333333333333,0.014539579967689823,0.03389830508474576,0.02450229709035222,0.041791044776119404,0.01854714064914992,0.003372681281618887,0.00974025974025974,0.020933977455716585,0.01037037037037037,0.015050167224080268,0.05963302752293578,0.038461538461538464,0.036741214057507986,0.016897081413210446,0.03571428571428571,0.04889589905362776,0.03482587064676617,0.03225806451612903,0.03225806451612903,0.03225806451612903,0.023474178403755867,0.023474178403755867,0.056818181818181816,0.04608294930875576,0.008012820512820512,0.0033333333333333335,0.012195121951219513,0.04,0.05222734254992319,0.050381679389312976,0.022690437601296597,0.0239880059970015,0.031198686371100164,0.0065040650406504065,0.010067114093959731,0.02416918429003021,0.0512,0.02768729641693811,0.03431372549019608,0.04187604690117253,0.022364217252396165,0.013136288998357963,0.043478260869565216,0.024834437086092714,0.025757575757575757,0.030303030303030304,0.030303030303030304,0.04120443740095087,0.02511773940345369,0.02666666666666667,0.03343949044585987,0.026058631921824105,0.02348993288590604,0.020618556701030927,0.04612850082372323,0.06119402985074627,0.036418816388467376,0.034482758620689655,0.01870748299319728,0.02689075630252101,0.03656597774244833,0.03523489932885906,0.024154589371980676,0.0061823802163833074,0.02268760907504363,0.025196850393700787,0.006389776357827476,0.0234375,0.05229793977812995,0.01658374792703151,0.048465266558966075,0.033277870216306155,0.056451612903225805,0.008347245409015025,0.035653650254668934,0.02365930599369085,0.025041736227045076,0.03576982892690513,0.03260869565217391,0.022116903633491312,0.014754098360655738,0.033816425120772944,0.04715447154471545,0.03278688524590164,0.059113300492610835,0.047619047619047616,0.01098901098901099,0.020440251572327043,0.026771653543307086,0.06291390728476821,0.006060606060606061,0.035168195718654434
2018,1,9,prevalence,0.03966942148760331,0.04713804713804714,0.0016501650165016502,0.03666666666666667,0.020512820512820513,0.049069373942470386,0.05597579425113464,0.04179566563467492,0.008077544426494346,0.029950083194675542,0.03296703296703297,0.004885993485342019,0.045722713864306784,0.011382113821138212,0.012558869701726845,0.014240506329113924,0.02388535031847134,0.017432646592709985,0.03305785123966942,0.024232633279483037,0.04411764705882353,0.03852080123266564,0.03678929765886288,0.03859060402684564,0.03398058252427184,0.0228310502283105,0.02664576802507837,0.021806853582554516,0.019672131147540985,0.011235955056179775,0.04567699836867863,0.04314329738058552,0.010084033613445379,0.03241491085899514,0.014354066985645933,0.015254237288135594,0.0016051364365971107,0.023622047244094488,0.02476780185758514,0.0016556291390728477,0.025817555938037865,0.027419354838709678,0.052715654952076675,0.006472491909385114,0.028716216216216218,0.0032520325203252032,0.04141104294478527,0.03903903903903904,0.03955696202531646,0.05081967213114754,0.007861635220125786,0.0220125786163522,0.03475513428120063,0.016286644951140065,0.010638297872340425,0.007987220447284345,0.016835016835016835,0.011146496815286623,0.0016666666666666668,0.015126050420168067,0.012924071082390954,0.029173419773095625,0.024,0.011182108626198083,0.00911854103343465,0.006734006734006734,0.006389776357827476,0.043697478991596636,0.03565891472868217,0.03220338983050847,0.020634920634920634,0.029503105590062112,0.043327556325823226,0.015037593984962405,0.011804384485666104,0.02358490566037736,0.019230769230769232,0.0176,0.008460236886632826,0.0296875,0.024390243902439025,0.036334913112164295,0.029605263157894735,0.016975308641975308,0.033386327503974564,0.02671118530884808,0.020766773162939296,0.048414023372287146,0.021172638436482084,0.008077544426494346,0.01620745542949757,0.02844311377245509,0.01824212271973466,0.03542673107890499,0.016129032258064516,0.0208,0.046474358974358976,0.040123456790123455,0.011058451816745656,0.017377567140600316,0.039473684210526314,0.028037383177570093,0.018425460636515914,0.03426791277258567,0.04597701149425287,0.04326923076923077,0.009630818619582664,0.025974025974025976,0.011400651465798045,0.02336448598130841,0.018404907975460124,0.03458646616541353,0.016819571865443424,0.006622516556291391,0.004784688995215311,0.01579778830963665,0.0072992700729927005,0.008403361344537815,0.06828528072837632,0.044481054365733116,0.02857142857142857,0.013996889580093312,0.028846153846153848,0.03514376996805112,0.03565640194489465,0.023140495867768594,0.023140495867768594,0.023140495867768594,0.022658610271903322,0.022658610271903322,0.04462809917355372,0.03322784810126582,0.004739336492890996,0.003355704697986577,0.01225114854517611,0.028662420382165606,0.03475513428120063,0.037821482602118005,0.01607717041800643,0.023880597014925373,0.02689075630252101,0.004792332268370607,0.009900990099009901,0.015060240963855422,0.05683563748079877,0.0202808112324493,0.0214168039538715,0.03225806451612903,0.016129032258064516,0.004815409309791332,0.03531300160513644,0.02106969205834684,0.015772870662460567,0.02821316614420063,0.021604938271604937,0.037037037037037035,0.01910828025477707,0.019639934533551555,0.030015797788309637,0.018151815181518153,0.013468013468013467,0.015202702702702704,0.041254125412541254,0.05714285714285714,0.026153846153846153,0.028428093645484948,0.015463917525773196,0.020761245674740483,0.04186046511627907,0.0231023102310231,0.01620745542949757,0.004615384615384616,0.02195945945945946,0.02190923317683881,0.006420545746388443,0.022151898734177215,0.03918495297805643,0.011666666666666667,0.03968253968253968,0.022653721682847898,0.03755868544600939,0.005119453924914676,0.03614457831325301,0.0096,0.02073365231259968,0.021806853582554516,0.020123839009287926,0.01729559748427673,0.009884678747940691,0.0208,0.03577235772357724,0.02348993288590604,0.041050903119868636,0.03940886699507389,0.010542168674698794,0.012903225806451613,0.02204724409448819,0.05405405405405406,0.0061823802163833074,0.023255813953488372
2019,1,9,prevalence,0.05922165820642978,0.03166666666666667,0.0,0.02750809061488673,0.01174496644295302,0.023140495867768594,0.03288490284005979,0.03645007923930269,0.004830917874396135,0.025510204081632654,0.02190923317683881,0.0016778523489932886,0.030656934306569343,0.006482982171799027,0.0128,0.006201550387596899,0.02258064516129032,0.0140625,0.019933554817275746,0.019169329073482427,0.025682182985553772,0.0706436420722135,0.02264808362369338,0.02912621359223301,0.02564102564102564,0.024427480916030534,0.015600624024960999,0.015432098765432098,0.016286644951140065,0.007861635220125786,0.04538087520259319,0.03479576399394856,0.006802721088435374,0.023026315789473683,0.00933125972006221,0.0069084628670120895,0.0016051364365971107,0.026856240126382307,0.016566265060240965,0.0,0.018456375838926176,0.019077901430842606,0.05348460291734198,0.006369426751592357,0.023688663282571912,0.004746835443037975,0.03067484662576687,0.02735562310030395,0.04043545878693624,0.04118616144975288,0.010869565217391304,0.01866251944012442,0.019169329073482427,0.022033898305084745,0.004672897196261682,0.003236245954692557,0.015,0.008038585209003215,0.001697792869269949,0.009966777408637873,0.009787928221859706,0.01487603305785124,0.012658227848101266,0.00946372239747634,0.005943536404160475,0.005067567567567568,0.004761904761904762,0.025806451612903226,0.016975308641975308,0.02072538860103627,0.00782472613458529,0.020155038759689922,0.047217537942664416,0.0103397341211226,0.008319467554076539,0.015600624024960999,0.013201320132013201,0.01584786053882726,0.006688963210702341,0.02531645569620253,0.019817073170731708,0.022187004754358162,0.023450586264656615,0.010819165378670788,0.028938906752411574,0.018272425249169437,0.016474464579901153,0.03395585738539898,0.01,0.001639344262295082,0.015410958904109588,0.018018018018018018,0.005076142131979695,0.04241435562805873,0.011164274322169059,0.0109204368174727,0.026359143327841845,0.02735562310030395,0.007974481658692184,0.008025682182985553,0.027777777777777776,0.014263074484944533,0.010135135135135136,0.025196850393700787,0.03114754098360656,0.025889967637540454,0.009708737864077669,0.01904761904761905,0.006644518272425249,0.012519561815336464,0.007668711656441718,0.021148036253776436,0.010670731707317074,0.004918032786885246,0.0016129032258064516,0.012841091492776886,0.005797101449275362,0.0032679738562091504,0.0547112462006079,0.04326923076923077,0.01592356687898089,0.007751937984496124,0.0192,0.024509803921568627,0.02127659574468085,0.009983361064891847,0.009983361064891847,0.009983361064891847,0.021148036253776436,0.021148036253776436,0.028192371475953566,0.03863987635239567,0.003169572107765452,0.0016260162601626016,0.007541478129713424,0.01437699680511182,0.029641185647425898,0.023291925465838508,0.012924071082390954,0.029641185647425898,0.024475524475524476,0.004878048780487805,0.006600660066006601,0.012269938650306749,0.03115264797507788,0.012364760432766615,0.015772870662460567,0.01854974704890388,0.00794912559618442,0.003246753246753247,0.027597402597402596,0.01579778830963665,0.0078003120124804995,0.01929260450160772,0.014106583072100314,0.024232633279483037,0.012759170653907496,0.014729950900163666,0.05368098159509203,0.01335559265442404,0.008237232289950576,0.011363636363636364,0.06199021207177814,0.04078549848942598,0.01751592356687898,0.015570934256055362,0.013223140495867768,0.010186757215619695,0.0440251572327044,0.019736842105263157,0.016420361247947456,0.0015432098765432098,0.013468013468013467,0.014516129032258065,0.00315955766192733,0.012598425196850394,0.025796661608497723,0.00825082508250825,0.03225806451612903,0.0180623973727422,0.02900763358778626,0.005084745762711864,0.026755852842809364,0.0062402496099844,0.015822784810126583,0.02336448598130841,0.015723270440251572,0.01866251944012442,0.009983361064891847,0.014285714285714285,0.04153354632587859,0.017857142857142856,0.03536977491961415,0.03115264797507788,0.010558069381598794,0.01468189233278956,0.012678288431061807,0.03247863247863248,0.004658385093167702,0.01620745542949757
2020,1,9,prevalence,0.059113300492610835,0.023450586264656615,0.001594896331738437,0.013071895424836602,0.009787928221859706,0.011363636363636364,0.022658610271903322,0.03365384615384615,0.004702194357366771,0.020202020202020204,0.013824884792626729,0.0,0.016176470588235296,0.001597444089456869,0.012841091492776886,0.00463678516228748,0.019138755980861243,0.00794912559618442,0.0032626427406199023,0.00974025974025974,0.012779552715654952,0.08333333333333333,0.014059753954305799,0.014446227929373997,0.009569377990430622,0.025487256371814093,0.007987220447284345,0.007692307692307693,0.006472491909385114,0.0016181229773462784,0.04258675078864353,0.03903903903903904,0.0,0.011589403973509934,0.006211180124223602,0.0034423407917383822,0.0015290519877675841,0.012698412698412698,0.017937219730941704,0.0,0.015151515151515152,0.00933125972006221,0.06995230524642289,0.004739336492890996,0.02422145328719723,0.0031007751937984496,0.016516516516516516,0.015408320493066256,0.030349013657056147,0.03588907014681892,0.006153846153846154,0.011128775834658187,0.029780564263322883,0.04145936981757877,0.0015600624024961,0.0031847133757961785,0.011589403973509934,0.003236245954692557,0.0,0.006825938566552901,0.009538950715421303,0.015126050420168067,0.00641025641025641,0.0032258064516129032,0.012213740458015267,0.0033613445378151263,0.0015822784810126582,0.014240506329113924,0.012738853503184714,0.016863406408094434,0.0031446540880503146,0.03169572107765452,0.06451612903225806,0.004524886877828055,0.0033222591362126247,0.009448818897637795,0.0032102728731942215,0.00927357032457496,0.003289473684210526,0.01564945226917058,0.007530120481927711,0.01228878648233487,0.026845637583892617,0.004615384615384616,0.01794453507340946,0.008156606851549755,0.010050251256281407,0.04882154882154882,0.003278688524590164,0.0,0.006644518272425249,0.00906344410876133,0.0,0.054838709677419356,0.004830917874396135,0.0045385779122541605,0.01507537688442211,0.03669724770642202,0.004846526655896607,0.008503401360544218,0.016420361247947456,0.012461059190031152,0.006711409395973154,0.02377179080824089,0.010362694300518135,0.023474178403755867,0.006430868167202572,0.01393188854489164,0.004885993485342019,0.006430868167202572,0.0015432098765432098,0.01393188854489164,0.004608294930875576,0.0016233766233766235,0.0,0.003205128205128205,0.004341534008683068,0.0,0.054628224582701064,0.0491283676703645,0.009302325581395349,0.001610305958132045,0.009478672985781991,0.0032310177705977385,0.009375,0.006644518272425249,0.006644518272425249,0.006644518272425249,0.03636363636363636,0.03636363636363636,0.011804384485666104,0.03271028037383177,0.001594896331738437,0.0,0.0,0.0031545741324921135,0.02197802197802198,0.009448818897637795,0.009852216748768473,0.026813880126182965,0.023090586145648313,0.004724409448818898,0.0032679738562091504,0.012121212121212121,0.031818181818181815,0.004622496147919877,0.011382113821138212,0.0068846815834767644,0.006230529595015576,0.0016025641025641025,0.024193548387096774,0.00946372239747634,0.004518072289156626,0.0032733224222585926,0.007680491551459293,0.016286644951140065,0.011437908496732025,0.011764705882352941,0.08256880733944955,0.0049833887043189366,0.003129890453834116,0.014354066985645933,0.03425774877650897,0.05311077389984825,0.008103727714748784,0.011725293132328308,0.009950248756218905,0.003395585738539898,0.05417956656346749,0.006734006734006734,0.01155115511551155,0.0015290519877675841,0.010221465076660987,0.004966887417218543,0.0030627871362940277,0.008025682182985553,0.03463855421686747,0.006535947712418301,0.009884678747940691,0.014331210191082803,0.015197568389057751,0.003367003367003367,0.01818181818181818,0.014586709886547812,0.00974025974025974,0.009448818897637795,0.00794912559618442,0.024883359253499222,0.008130081300813009,0.01615508885298869,0.030303030303030304,0.010291595197255575,0.039936102236421724,0.026397515527950312,0.004665629860031105,0.026272577996715927,0.009787928221859706,0.023688663282571912,0.0,0.019736842105263157
2021,1,9,prevalence,0.05128205128205128,0.013445378151260505,0.0015748031496062992,0.00975609756097561,0.008103727714748784,0.011254019292604502,0.0141287284144427,0.025437201907790145,0.0045871559633027525,0.024916943521594685,0.0121580547112462,0.0,0.011627906976744186,0.0,0.00794912559618442,0.0015748031496062992,0.0128,0.004739336492890996,0.0015873015873015873,0.007961783439490446,0.006125574272588055,0.05687203791469194,0.007042253521126761,0.008130081300813009,0.006462035541195477,0.03283582089552239,0.0031847133757961785,0.004665629860031105,0.004739336492890996,0.0,0.04146730462519936,0.04084720121028744,0.0,0.0064516129032258064,0.0061823802163833074,0.0033277870216306157,0.0,0.009538950715421303,0.014727540500736377,0.0,0.008210180623973728,0.0060882800608828,0.03503184713375796,0.0015772870662460567,0.024096385542168676,0.0015479876160990713,0.0044444444444444444,0.0109717868338558,0.024464831804281346,0.028145695364238412,0.0141287284144427,0.0032102728731942215,0.04813664596273292,0.05392156862745098,0.0016181229773462784,0.0,0.011217948717948718,0.0016313213703099511,0.0,0.00338409475465313,0.009345794392523364,0.006578947368421052,0.007911392405063292,0.0016474464579901153,0.010802469135802469,0.0016420361247947454,0.0015600624024961,0.009146341463414634,0.006329113924050633,0.005076142131979695,0.001584786053882726,0.02336448598130841,0.0667779632721202,0.004594180704441042,0.0,0.004694835680751174,0.0015503875968992248,0.010954616588419406,0.003284072249589491,0.010622154779969651,0.0076103500761035,0.007587253414264037,0.03466204506065858,0.00782472613458529,0.011146496815286623,0.004784688995215311,0.01592356687898089,0.037996545768566495,0.003215434083601286,0.0,0.004830917874396135,0.007429420505200594,0.0,0.054140127388535034,0.0,0.004601226993865031,0.009917355371900827,0.025602409638554216,0.0016420361247947454,0.008210180623973728,0.011254019292604502,0.0093603744149766,0.0065040650406504065,0.032357473035439135,0.00859106529209622,0.015873015873015872,0.004792332268370607,0.00625,0.004846526655896607,0.0032,0.0,0.01098901098901099,0.001594896331738437,0.001610305958132045,0.0,0.004672897196261682,0.0029895366218236174,0.0,0.03164556962025317,0.029503105590062112,0.006144393241167435,0.004918032786885246,0.003236245954692557,0.0016155088852988692,0.0078003120124804995,0.006557377049180328,0.006557377049180328,0.006557377049180328,0.03463855421686747,0.03463855421686747,0.01011804384485666,0.03271028037383177,0.0,0.0,0.0,0.0015698587127158557,0.0171875,0.0046875,0.0032414910858995136,0.02254428341384863,0.010638297872340425,0.004838709677419355,0.0016366612111292963,0.010510510510510511,0.04066265060240964,0.004552352048558422,0.008156606851549755,0.005136986301369863,0.001589825119236884,0.0,0.013136288998357963,0.0048,0.004629629629629629,0.0016260162601626016,0.006269592476489028,0.014263074484944533,0.006745362563237774,0.009884678747940691,0.07379518072289157,0.004901960784313725,0.0,0.0224,0.023547880690737835,0.029185867895545316,0.003284072249589491,0.006825938566552901,0.0049586776859504135,0.0017006802721088435,0.05222734254992319,0.0033444816053511705,0.006535947712418301,0.001524390243902439,0.005016722408026756,0.0033444816053511705,0.0030581039755351682,0.0032948929159802307,0.026986506746626688,0.00641025641025641,0.006578947368421052,0.01282051282051282,0.010954616588419406,0.003355704697986577,0.012903225806451613,0.00967741935483871,0.0049504950495049506,0.01594896331738437,0.006600660066006601,0.015503875968992248,0.00667779632721202,0.014354066985645933,0.03328050713153724,0.008305647840531562,0.02926829268292683,0.02593192868719611,0.0030441400304414,0.02073365231259968,0.006688963210702341,0.006700167504187605,0.0,0.03150912106135987
2022,1,9,prevalence,0.0384,0.005,0.0015600624024961,0.008333333333333333,0.0049833887043189366,0.008064516129032258,0.004784688995215311,0.015625,0.0015337423312883436,0.017684887459807074,0.006299212598425197,0.0,0.0057306590257879654,0.0,0.012759170653907496,0.006289308176100629,0.01129032258064516,0.0015822784810126582,0.0,0.0015923566878980893,0.0030959752321981426,0.050243111831442464,0.0017421602787456446,0.004777070063694267,0.0033444816053511705,0.042488619119878605,0.0,0.001610305958132045,0.0030816640986132513,0.0,0.05348460291734198,0.023183925811437404,0.0,0.0,0.004761904761904762,0.0034129692832764505,0.0,0.004754358161648178,0.03519061583577713,0.0,0.0049504950495049506,0.004594180704441042,0.03503184713375796,0.0,0.02413793103448276,0.0015432098765432098,0.0,0.007751937984496124,0.029185867895545316,0.021346469622331693,0.014354066985645933,0.004739336492890996,0.049766718506998445,0.051926298157453935,0.004784688995215311,0.0,0.004761904761904762,0.0017006802721088435,0.0,0.0016051364365971107,0.007886435331230283,0.00322061191626409,0.003246753246753247,0.001652892561983471,0.007692307692307693,0.0,0.0016025641025641025,0.001564945226917058,0.0015479876160990713,0.003418803418803419,0.0,0.033950617283950615,0.05492730210016155,0.0015105740181268882,0.0,0.0015625,0.0015479876160990713,0.008064516129032258,0.0016260162601626016,0.006051437216338881,0.004552352048558422,0.0015220700152207,0.030927835051546393,0.006359300476947536,0.004754358161648178,0.0016,0.009630818619582664,0.03993055555555555,0.0,0.0,0.0032520325203252032,0.0030075187969924814,0.001594896331738437,0.0359375,0.0,0.0,0.0016556291390728477,0.01809954751131222,0.0,0.00825082508250825,0.00782472613458529,0.004739336492890996,0.004918032786885246,0.0390625,0.0034602076124567475,0.030864197530864196,0.00819672131147541,0.0,0.0016501650165016502,0.0016129032258064516,0.0,0.0049261083743842365,0.0015600624024961,0.0016286644951140066,0.0,0.006269592476489028,0.0,0.003125,0.017107309486780714,0.028358208955223882,0.0031397174254317113,0.0033444816053511705,0.0,0.0,0.007692307692307693,0.0016129032258064516,0.0016129032258064516,0.0016129032258064516,0.0392156862745098,0.0392156862745098,0.00974025974025974,0.03503184713375796,0.0016155088852988692,0.0,0.0,0.0015408320493066256,0.016975308641975308,0.0015527950310559005,0.0032414910858995136,0.03125,0.006756756756756757,0.003125,0.001597444089456869,0.007849293563579277,0.03129890453834116,0.0,0.001597444089456869,0.0017667844522968198,0.0015873015873015873,0.0,0.01751592356687898,0.0,0.006299212598425197,0.0016313213703099511,0.0,0.011804384485666104,0.0032414910858995136,0.008051529790660225,0.06554878048780488,0.0016051364365971107,0.0,0.03184713375796178,0.0256,0.03201219512195122,0.001694915254237288,0.0,0.004966887417218543,0.001658374792703151,0.04636785162287481,0.0032948929159802307,0.0032310177705977385,0.0,0.00676818950930626,0.0,0.0,0.0032258064516129032,0.017964071856287425,0.0032733224222585926,0.0031446540880503146,0.006339144215530904,0.004792332268370607,0.001718213058419244,0.008090614886731391,0.006482982171799027,0.0016286644951140066,0.054858934169279,0.0016501650165016502,0.01195814648729447,0.00510204081632653,0.0049261083743842365,0.02748091603053435,0.004991680532445923,0.02247191011235955,0.03864734299516908,0.0,0.014331210191082803,0.0033222591362126247,0.0,0.0,0.021346469622331693
2023,1,9,prevalence,0.0514820592823713,0.003355704697986577,0.0015873015873015873,0.003278688524590164,0.0,0.004942339373970346,0.0016207455429497568,0.03409090909090909,0.0,0.011608623548922056,0.0015873015873015873,0.0016286644951140066,0.0014727540500736377,0.0,0.00644122383252818,0.01557632398753894,0.0047694753577106515,0.0015600624024961,0.0,0.0,0.0,0.0944,0.0,0.001594896331738437,0.0,0.0637329286798179,0.0,0.0,0.0,0.0,0.05804311774461028,0.018575851393188854,0.0,0.0032626427406199023,0.0015873015873015873,0.0017605633802816902,0.0,0.00473186119873817,0.08456973293768547,0.0,0.01020408163265306,0.0015267175572519084,0.06677524429967427,0.0,0.04498269896193772,0.0015015015015015015,0.0,0.0047169811320754715,0.036163522012578615,0.008130081300813009,0.013266998341625208,0.009538950715421303,0.09302325581395349,0.07345575959933222,0.0078003120124804995,0.0,0.003236245954692557,0.0017035775127768314,0.006622516556291391,0.0,0.0187207488299532,0.001584786053882726,0.0015698587127158557,0.001692047377326565,0.0,0.0,0.0,0.0015384615384615385,0.0015220700152207,0.0016313213703099511,0.0,0.046801872074883,0.0656,0.0,0.0,0.0,0.0,0.027070063694267517,0.0,0.004615384615384616,0.0030211480362537764,0.0,0.05545927209705372,0.011093502377179081,0.00315955766192733,0.007886435331230283,0.00482315112540193,0.04915254237288136,0.001607717041800643,0.0015552099533437014,0.0,0.0014992503748125937,0.001557632398753894,0.024922118380062305,0.0,0.0,0.001652892561983471,0.0258751902587519,0.0,0.0032414910858995136,0.011075949367088608,0.011308562197092083,0.001652892561983471,0.06230529595015576,0.0017241379310344827,0.040880503144654086,0.008116883116883116,0.0015772870662460567,0.0,0.004893964110929853,0.0,0.0034542314335060447,0.0015723270440251573,0.001567398119122257,0.0,0.003105590062111801,0.0,0.012539184952978056,0.00792393026941363,0.03857566765578635,0.0015873015873015873,0.0016722408026755853,0.0,0.0,0.004497751124437781,0.001644736842105263,0.001644736842105263,0.001644736842105263,0.04675716440422323,0.04675716440422323,0.0016638935108153079,0.04186795491143317,0.004878048780487805,0.0,0.0,0.001584786053882726,0.0062402496099844,0.0,0.0032679738562091504,0.02073365231259968,0.005136986301369863,0.0031397174254317113,0.0,0.008264462809917356,0.038523274478330656,0.0,0.0,0.0,0.006430868167202572,0.0031446540880503146,0.02090032154340836,0.0,0.009478672985781991,0.0016366612111292963,0.0016129032258064516,0.02003338898163606,0.001610305958132045,0.004862236628849271,0.07208588957055215,0.0,0.0,0.049441786283891544,0.029801324503311258,0.046801872074883,0.0,0.0,0.001669449081803005,0.0016366612111292963,0.06060606060606061,0.0016474464579901153,0.0032102728731942215,0.0,0.0050335570469798654,0.0,0.0,0.0,0.012012012012012012,0.0015600624024961,0.0,0.004622496147919877,0.00322061191626409,0.0,0.008038585209003215,0.004878048780487805,0.001652892561983471,0.11382113821138211,0.0,0.012461059190031152,0.0017271157167530224,0.027070063694267517,0.03265940902021773,0.006734006734006734,0.01597444089456869,0.026490066225165563,0.0,0.0249609984399376,0.006568144499178982,0.0,0.0,0.03284072249589491
2024,1,9,prevalence,0.0430622009569378,0.0033613445378151263,0.0015923566878980893,0.003278688524590164,0.0,0.0016181229773462784,0.0016286644951140066,0.04723127035830619,0.0,0.0032626427406199023,0.0,0.0016,0.0014749262536873156,0.0,0.003076923076923077,0.019138755980861243,0.003125,0.0032102728731942215,0.0,0.0,0.0015748031496062992,0.11129032258064517,0.0,0.0,0.0,0.05555555555555555,0.0,0.0016,0.0,0.0,0.07730263157894737,0.014218009478672985,0.0015600624024961,0.0016339869281045752,0.004792332268370607,0.0,0.0,0.001589825119236884,0.10407239819004525,0.001594896331738437,0.0067226890756302525,0.0015128593040847202,0.04552590266875981,0.0,0.0457516339869281,0.0,0.0,0.003189792663476874,0.0473186119873817,0.004909983633387889,0.010309278350515464,0.004807692307692308,0.10925644916540213,0.061258278145695365,0.004709576138147566,0.0,0.0016501650165016502,0.0017006802721088435,0.00333889816360601,0.0,0.007886435331230283,0.003215434083601286,0.0,0.001694915254237288,0.0,0.0,0.0,0.0015432098765432098,0.0015360983102918587,0.0,0.0,0.06220095693779904,0.08077544426494346,0.0,0.0,0.0016611295681063123,0.0,0.026016260162601626,0.0,0.004497751124437781,0.0030864197530864196,0.0,0.05057096247960848,0.007763975155279503,0.0,0.0065252854812398045,0.004739336492890996,0.07304347826086957,0.0015923566878980893,0.001519756838905775,0.0,0.0,0.0015408320493066256,0.01866251944012442,0.0,0.001445086705202312,0.0016051364365971107,0.0463258785942492,0.0,0.003246753246753247,0.009523809523809525,0.009708737864077669,0.001644736842105263,0.0748829953198128,0.0,0.045662100456621,0.004777070063694267,0.003179650238473768,0.0,0.005067567567567568,0.0,0.006932409012131715,0.0,0.0,0.0,0.0030303030303030303,0.009244992295839754,0.006230529595015576,0.006420545746388443,0.04698972099853157,0.0015290519877675841,0.0016339869281045752,0.0,0.006535947712418301,0.0060790273556231,0.0016420361247947454,0.0016420361247947454,0.0016420361247947454,0.0640625,0.0640625,0.0,0.06031746031746032,0.006379585326953748,0.0,0.001584786053882726,0.0,0.003105590062111801,0.0,0.001584786053882726,0.017713365539452495,0.005076142131979695,0.001557632398753894,0.0,0.00644122383252818,0.04716981132075472,0.004709576138147566,0.0,0.0,0.008012820512820512,0.012364760432766615,0.03421461897356143,0.0,0.0125,0.0,0.0016181229773462784,0.009983361064891847,0.001652892561983471,0.0016313213703099511,0.0768025078369906,0.0,0.0,0.03503184713375796,0.0180623973727422,0.07556270096463022,0.0,0.0,0.0,0.0016474464579901153,0.06116207951070336,0.0016474464579901153,0.0015600624024961,0.0,0.00482315112540193,0.0,0.0,0.0,0.027820710973724884,0.0015625,0.0,0.0015552099533437014,0.0,0.0,0.0032258064516129032,0.003284072249589491,0.0,0.1728,0.0,0.00303951367781155,0.0017421602787456446,0.025806451612903226,0.029503105590062112,0.00505902192242833,0.00949367088607595,0.026101141924959218,0.0015128593040847202,0.028662420382165606,0.008561643835616438,0.0,0.0,0.02903225806451613
2025,1,9,prevalence,0.0491283676703645,0.0033112582781456954,0.0,0.00510204081632653,0.0,0.0015698587127158557,0.0015822784810126582,0.06518282988871224,0.0,0.0016181229773462784,0.0,0.001597444089456869,0.0015220700152207,0.0,0.003115264797507788,0.01468189233278956,0.0031545741324921135,0.009523809523809525,0.0,0.0,0.004629629629629629,0.10194174757281553,0.0,0.003076923076923077,0.0,0.05709876543209876,0.006191950464396285,0.006462035541195477,0.0,0.0,0.06890756302521009,0.011686143572621035,0.0015723270440251573,0.0015923566878980893,0.006462035541195477,0.0016863406408094434,0.0,0.0,0.08558558558558559,0.0016129032258064516,0.004942339373970346,0.0,0.04395604395604396,0.0,0.042483660130718956,0.0,0.0,0.001610305958132045,0.0423861852433281,0.004846526655896607,0.008431703204047217,0.004777070063694267,0.10518053375196232,0.06035889070146819,0.0047169811320754715,0.0,0.0016233766233766235,0.0017271157167530224,0.001610305958132045,0.0,0.009508716323296355,0.0016051364365971107,0.0,0.0,0.0,0.0,0.0,0.0015267175572519084,0.0016129032258064516,0.0,0.0,0.05448717948717949,0.06466876971608833,0.0,0.0,0.0017271157167530224,0.0,0.0256,0.0,0.0029985007496251873,0.001557632398753894,0.0,0.047058823529411764,0.007776049766718507,0.0,0.01818181818181818,0.003189792663476874,0.12220309810671257,0.0015698587127158557,0.004622496147919877,0.0033783783783783786,0.0,0.0014992503748125937,0.0110062893081761,0.0,0.0014005602240896359,0.0016,0.0420032310177706,0.0,0.005016722408026756,0.008090614886731391,0.009771986970684038,0.003205128205128205,0.13023255813953488,0.0,0.03230769230769231,0.004754358161648178,0.003105590062111801,0.0,0.0050933786078098476,0.0,0.0050933786078098476,0.0,0.0,0.0,0.0030165912518853697,0.003169572107765452,0.004807692307692308,0.006339144215530904,0.05393586005830904,0.004694835680751174,0.0016835016835016834,0.0,0.0016313213703099511,0.00909090909090909,0.0016207455429497568,0.0016207455429497568,0.0016207455429497568,0.0514018691588785,0.0514018691588785,0.0,0.056818181818181816,0.006369426751592357,0.0,0.003236245954692557,0.0,0.0015503875968992248,0.007716049382716049,0.0015600624024961,0.0144,0.0033500837520938024,0.0,0.0,0.004724409448818898,0.07223113964686999,0.007704160246533128,0.0,0.0,0.009584664536741214,0.007849293563579277,0.0392156862745098,0.0,0.027642276422764227,0.0,0.0032733224222585926,0.008417508417508417,0.001644736842105263,0.001597444089456869,0.06699346405228758,0.0,0.0,0.03930817610062893,0.016260162601626018,0.056291390728476824,0.0,0.0,0.0,0.00482315112540193,0.059748427672955975,0.0016501650165016502,0.0015552099533437014,0.0,0.0033333333333333335,0.0,0.0,0.0,0.028037383177570093,0.0015698587127158557,0.0,0.0016260162601626016,0.0,0.0,0.0016611295681063123,0.0016313213703099511,0.0,0.1834710743801653,0.0,0.0061823802163833074,0.0017452006980802793,0.02471169686985173,0.05271317829457364,0.003372681281618887,0.006578947368421052,0.02564102564102564,0.0014992503748125937,0.03436988543371522,0.017241379310344827,0.0,0.0,0.0336
